## Columns = 00000 count, 00001 count, 00010 count, 00011 count, 00100 count, 00101 count, 00110 count, 00111 count, 01000 count, 01001 count, 01010 count, 01011 count, 01100 count, 01101 count, 01110 count, 01111 count, 10000 count, 10001 count, 10010 count, 10011 count, 10100 count, 10101 count, 10110 count, 10111 count, 11000 count, 11001 count, 11010 count, 11011 count, 11100 count, 11101 count, 11110 count, 11111 count
[Gy:0Gy:1Gy:2Gy:3Gy:4]([])[Gy:0Gy:1Gy:2Gy:3Gy:4]@(0,1,2,3,4)  2  0  0  0  48  0  0  0  45  0  0  0  475  0  0  0  61  0  0  0  549  0  0  0  744  0  0  0  6268  0  0  0
[Gy:0Gy:1Gy:2Gy:3Gy:4]([])^2[Gy:0Gy:1Gy:2Gy:3Gy:4]@(0,1,2,3,4)  3  0  0  0  34  0  0  0  47  0  0  0  523  0  0  0  50  0  0  0  542  0  0  0  732  0  0  0  6261  0  0  0
[Gy:0Gy:1Gy:2Gy:3Gy:4]([])^4[Gy:0Gy:1Gy:2Gy:3Gy:4]@(0,1,2,3,4)  10  0  0  0  31  0  0  0  47  0  0  0  461  0  0  0  67  0  0  0  539  0  0  0  706  0  0  0  6331  0  0  0
[Gy:0Gy:1Gy:2Gy:3Gy:4]([])^8[Gy:0Gy:1Gy:2Gy:3Gy:4]@(0,1,2,3,4)  8  0  0  0  29  0  0  0  51  0  0  0  493  0  0  0  54  0  0  0  592  0  0  0  718  0  0  0  6247  0  0  0
[Gy:0Gx:1Gy:2Gx:3Gy:4]([])[Gy:0Gx:1Gy:2Gx:3Gy:4]@(0,1,2,3,4)  2  0  0  0  41  0  0  0  49  0  0  0  461  0  0  0  48  0  0  0  570  0  0  0  716  0  0  0  6305  0  0  0
[Gy:0Gx:1Gy:2Gx:3Gy:4]([])^2[Gy:0Gx:1Gy:2Gx:3Gy:4]@(0,1,2,3,4)  4  0  0  0  37  0  0  0  50  0  0  0  457  0  0  0  45  0  0  0  529  0  0  0  767  0  0  0  6303  0  0  0
[Gy:0Gx:1Gy:2Gx:3Gy:4]([])^4[Gy:0Gx:1Gy:2Gx:3Gy:4]@(0,1,2,3,4)  5  0  0  0  36  0  0  0  68  0  0  0  461  0  0  0  65  0  0  0  549  0  0  0  745  0  0  0  6263  0  0  0
[Gy:0Gx:1Gy:2Gx:3Gy:4]([])^8[Gy:0Gx:1Gy:2Gx:3Gy:4]@(0,1,2,3,4)  4  0  0  0  49  0  0  0  71  0  0  0  454  0  0  0  54  0  0  0  537  0  0  0  673  0  0  0  6350  0  0  0
[Gy:0Gy:1Gx:2Gx:3Gy:4]([])[Gy:0Gy:1Gx:2Gx:3Gy:4]@(0,1,2,3,4)  1  0  0  0  30  0  0  0  78  0  0  0  466  0  0  0  63  0  0  0  553  0  0  0  725  0  0  0  6276  0  0  0
[Gy:0Gy:1Gx:2Gx:3Gy:4]([])^2[Gy:0Gy:1Gx:2Gx:3Gy:4]@(0,1,2,3,4)  3  0  0  0  43  0  0  0  71  0  0  0  478  0  0  0  55  0  0  0  573  0  0  0  726  0  0  0  6243  0  0  0
[Gy:0Gy:1Gx:2Gx:3Gy:4]([])^4[Gy:0Gy:1Gx:2Gx:3Gy:4]@(0,1,2,3,4)  3  0  0  0  50  0  0  0  52  0  0  0  475  0  0  0  61  0  0  0  572  0  0  0  741  0  0  0  6238  0  0  0
[Gy:0Gy:1Gx:2Gx:3Gy:4]([])^8[Gy:0Gy:1Gx:2Gx:3Gy:4]@(0,1,2,3,4)  3  0  0  0  44  0  0  0  66  0  0  0  436  0  0  0  65  0  0  0  539  0  0  0  751  0  0  0  6288  0  0  0
[Gy:0Gy:1Gy:2Gy:3Gx:4]([])[Gy:0Gy:1Gy:2Gy:3Gx:4]@(0,1,2,3,4)  1  0  0  0  49  0  0  0  52  0  0  0  479  0  0  0  62  0  0  0  577  0  0  0  724  0  0  0  6248  0  0  0
[Gy:0Gy:1Gy:2Gy:3Gx:4]([])^2[Gy:0Gy:1Gy:2Gy:3Gx:4]@(0,1,2,3,4)  2  0  0  0  40  0  0  0  61  0  0  0  445  0  0  0  76  0  0  0  534  0  0  0  715  0  0  0  6319  0  0  0
[Gy:0Gy:1Gy:2Gy:3Gx:4]([])^4[Gy:0Gy:1Gy:2Gy:3Gx:4]@(0,1,2,3,4)  2  0  0  0  46  0  0  0  55  0  0  0  459  0  0  0  67  0  0  0  544  0  0  0  724  0  0  0  6295  0  0  0
[Gy:0Gy:1Gy:2Gy:3Gx:4]([])^8[Gy:0Gy:1Gy:2Gy:3Gx:4]@(0,1,2,3,4)  2  0  0  0  42  0  0  0  54  0  0  0  479  0  0  0  55  0  0  0  576  0  0  0  782  0  0  0  6202  0  0  0
[Gx:0Gy:1Gx:2Gy:3Gx:4]([])[Gx:0Gy:1Gx:2Gy:3Gx:4]@(0,1,2,3,4)  3  0  0  0  41  0  0  0  56  0  0  0  451  0  0  0  63  0  0  0  605  0  0  0  684  0  0  0  6289  0  0  0
[Gx:0Gy:1Gx:2Gy:3Gx:4]([])^2[Gx:0Gy:1Gx:2Gy:3Gx:4]@(0,1,2,3,4)  5  0  0  0  35  0  0  0  56  0  0  0  495  0  0  0  65  0  0  0  542  0  0  0  729  0  0  0  6265  0  0  0
[Gx:0Gy:1Gx:2Gy:3Gx:4]([])^4[Gx:0Gy:1Gx:2Gy:3Gx:4]@(0,1,2,3,4)  2  0  0  0  29  0  0  0  70  0  0  0  486  0  0  0  53  0  0  0  552  0  0  0  749  0  0  0  6251  0  0  0
[Gx:0Gy:1Gx:2Gy:3Gx:4]([])^8[Gx:0Gy:1Gx:2Gy:3Gx:4]@(0,1,2,3,4)  5  0  0  0  60  0  0  0  51  0  0  0  492  0  0  0  62  0  0  0  535  0  0  0  720  0  0  0  6267  0  0  0
[Gx:0Gx:1Gy:2Gy:3Gx:4]([])[Gx:0Gx:1Gy:2Gy:3Gx:4]@(0,1,2,3,4)  5  0  0  0  34  0  0  0  61  0  0  0  459  0  0  0  54  0  0  0  562  0  0  0  699  0  0  0  6318  0  0  0
[Gx:0Gx:1Gy:2Gy:3Gx:4]([])^2[Gx:0Gx:1Gy:2Gy:3Gx:4]@(0,1,2,3,4)  6  0  0  0  44  0  0  0  55  0  0  0  488  0  0  0  70  0  0  0  542  0  0  0  694  0  0  0  6293  0  0  0
[Gx:0Gx:1Gy:2Gy:3Gx:4]([])^4[Gx:0Gx:1Gy:2Gy:3Gx:4]@(0,1,2,3,4)  4  0  0  0  34  0  0  0  58  0  0  0  460  0  0  0  70  0  0  0  538  0  0  0  716  0  0  0  6312  0  0  0
[Gx:0Gx:1Gy:2Gy:3Gx:4]([])^8[Gx:0Gx:1Gy:2Gy:3Gx:4]@(0,1,2,3,4)  5  0  0  0  47  0  0  0  61  0  0  0  489  0  0  0  65  0  0  0  515  0  0  0  758  0  0  0  6252  0  0  0
[Gx:0Gx:1Gx:2Gx:3Gy:4]([])[Gx:0Gx:1Gx:2Gx:3Gy:4]@(0,1,2,3,4)  7  0  0  0  36  0  0  0  76  0  0  0  471  0  0  0  59  0  0  0  566  0  0  0  669  0  0  0  6308  0  0  0
[Gx:0Gx:1Gx:2Gx:3Gy:4]([])^2[Gx:0Gx:1Gx:2Gx:3Gy:4]@(0,1,2,3,4)  3  0  0  0  38  0  0  0  54  0  0  0  440  0  0  0  64  0  0  0  563  0  0  0  744  0  0  0  6286  0  0  0
[Gx:0Gx:1Gx:2Gx:3Gy:4]([])^4[Gx:0Gx:1Gx:2Gx:3Gy:4]@(0,1,2,3,4)  3  0  0  0  22  0  0  0  58  0  0  0  486  0  0  0  51  0  0  0  504  0  0  0  772  0  0  0  6296  0  0  0
[Gx:0Gx:1Gx:2Gx:3Gy:4]([])^8[Gx:0Gx:1Gx:2Gx:3Gy:4]@(0,1,2,3,4)  4  0  0  0  41  0  0  0  54  0  0  0  487  0  0  0  74  0  0  0  521  0  0  0  764  0  0  0  6247  0  0  0
[Gy:0Gy:2Gy:4]([])[Gy:0Gy:2Gy:4]@(0,1,2,3,4)  49  0  0  0  447  0  0  0  4  0  0  0  36  0  0  0  750  0  0  0  6466  0  0  0  49  0  0  0  391  0  0  0
[Gy:0Gy:2Gy:4]([])^2[Gy:0Gy:2Gy:4]@(0,1,2,3,4)  46  0  0  0  484  0  0  0  4  0  0  0  31  0  0  0  767  0  0  0  6428  0  0  0  47  0  0  0  385  0  0  0
[Gy:0Gy:2Gy:4]([])^4[Gy:0Gy:2Gy:4]@(0,1,2,3,4)  55  0  0  0  499  0  0  0  4  0  0  0  23  0  0  0  732  0  0  0  6443  0  0  0  44  0  0  0  392  0  0  0
[Gy:0Gy:2Gy:4]([])^8[Gy:0Gy:2Gy:4]@(0,1,2,3,4)  57  0  0  0  447  0  0  0  3  0  0  0  25  0  0  0  701  0  0  0  6549  0  0  0  47  0  0  0  363  0  0  0
[Gy:0Gy:1Gy:4]([])[Gy:0Gy:1Gy:4]@(0,1,2,3,4)  36  0  0  0  3  0  0  0  494  0  0  0  33  0  0  0  539  0  0  0  43  0  0  0  6617  0  0  0  427  0  0  0
[Gy:0Gy:1Gy:4]([])^2[Gy:0Gy:1Gy:4]@(0,1,2,3,4)  51  0  0  0  1  0  0  0  543  0  0  0  38  0  0  0  502  0  0  0  36  0  0  0  6569  0  0  0  452  0  0  0
[Gy:0Gy:1Gy:4]([])^4[Gy:0Gy:1Gy:4]@(0,1,2,3,4)  46  0  0  0  3  0  0  0  492  0  0  0  34  0  0  0  552  0  0  0  32  0  0  0  6639  0  0  0  394  0  0  0
[Gy:0Gy:1Gy:4]([])^8[Gy:0Gy:1Gy:4]@(0,1,2,3,4)  46  0  0  0  1  0  0  0  525  0  0  0  29  0  0  0  558  0  0  0  38  0  0  0  6570  0  0  0  425  0  0  0
[Gy:0Gy:1Gy:2Gy:3]([])[Gy:0Gy:1Gy:2Gy:3]@(0,1,2,3,4)  2  0  0  0  38  0  0  0  53  0  0  0  494  0  0  0  75  0  0  0  536  0  0  0  679  0  0  0  6315  0  0  0
[Gy:0Gy:1Gy:2Gy:3]([])^2[Gy:0Gy:1Gy:2Gy:3]@(0,1,2,3,4)  7  0  0  0  47  0  0  0  60  0  0  0  496  0  0  0  53  0  0  0  562  0  0  0  712  0  0  0  6255  0  0  0
[Gy:0Gy:1Gy:2Gy:3]([])^4[Gy:0Gy:1Gy:2Gy:3]@(0,1,2,3,4)  2  0  0  0  50  0  0  0  54  0  0  0  458  0  0  0  57  0  0  0  526  0  0  0  814  0  0  0  6231  0  0  0
[Gy:0Gy:1Gy:2Gy:3]([])^8[Gy:0Gy:1Gy:2Gy:3]@(0,1,2,3,4)  3  0  0  0  50  0  0  0  57  0  0  0  489  0  0  0  63  0  0  0  531  0  0  0  783  0  0  0  6216  0  0  0
[Gy:1Gy:3]([])[Gy:1Gy:3]@(0,1,2,3,4)  586  0  0  0  38  0  0  0  6960  0  0  0  452  0  0  0  5  0  0  0  0  0  0  0  142  0  0  0  9  0  0  0
[Gy:1Gy:3]([])^2[Gy:1Gy:3]@(0,1,2,3,4)  616  0  0  0  32  0  0  0  6969  0  0  0  433  0  0  0  4  0  0  0  2  0  0  0  129  0  0  0  7  0  0  0
[Gy:1Gy:3]([])^4[Gy:1Gy:3]@(0,1,2,3,4)  585  0  0  0  39  0  0  0  7053  0  0  0  361  0  0  0  11  0  0  0  1  0  0  0  130  0  0  0  12  0  0  0
[Gy:1Gy:3]([])^8[Gy:1Gy:3]@(0,1,2,3,4)  586  0  0  0  27  0  0  0  6988  0  0  0  440  0  0  0  9  0  0  0  1  0  0  0  130  0  0  0  11  0  0  0
[Gy:2Gy:3]([])[Gy:2Gy:3]@(0,1,2,3,4)  783  0  0  0  6794  0  0  0  42  0  0  0  433  0  0  0  10  0  0  0  123  0  0  0  0  0  0  0  7  0  0  0
[Gy:2Gy:3]([])^2[Gy:2Gy:3]@(0,1,2,3,4)  775  0  0  0  6807  0  0  0  38  0  0  0  421  0  0  0  16  0  0  0  128  0  0  0  0  0  0  0  7  0  0  0
[Gy:2Gy:3]([])^4[Gy:2Gy:3]@(0,1,2,3,4)  777  0  0  0  6829  0  0  0  26  0  0  0  423  0  0  0  11  0  0  0  121  0  0  0  1  0  0  0  4  0  0  0
[Gy:2Gy:3]([])^8[Gy:2Gy:3]@(0,1,2,3,4)  727  0  0  0  6829  0  0  0  40  0  0  0  441  0  0  0  11  0  0  0  132  0  0  0  1  0  0  0  11  0  0  0
Gy:4([])Gy:4@(0,1,2,3,4)  7193  0  0  0  405  0  0  0  430  0  0  0  21  0  0  0  130  0  0  0  4  0  0  0  9  0  0  0  0  0  0  0
Gy:4([])^2Gy:4@(0,1,2,3,4)  7138  0  0  0  434  0  0  0  468  0  0  0  31  0  0  0  110  0  0  0  5  0  0  0  6  0  0  0  0  0  0  0
Gy:4([])^4Gy:4@(0,1,2,3,4)  7201  0  0  0  418  0  0  0  429  0  0  0  24  0  0  0  110  0  0  0  3  0  0  0  6  0  0  0  1  0  0  0
Gy:4([])^8Gy:4@(0,1,2,3,4)  7215  0  0  0  396  0  0  0  430  0  0  0  28  0  0  0  104  0  0  0  11  0  0  0  8  0  0  0  0  0  0  0
[Gx:0Gx:1Gx:2Gx:3Gx:4]([])[Gx:0Gx:1Gx:2Gx:3Gx:4]@(0,1,2,3,4)  3  0  0  0  34  0  0  0  51  0  0  0  453  0  0  0  54  0  0  0  535  0  0  0  739  0  0  0  6323  0  0  0
[Gx:0Gx:1Gx:2Gx:3Gx:4]([])^2[Gx:0Gx:1Gx:2Gx:3Gx:4]@(0,1,2,3,4)  6  0  0  0  39  0  0  0  54  0  0  0  466  0  0  0  58  0  0  0  535  0  0  0  727  0  0  0  6307  0  0  0
[Gx:0Gx:1Gx:2Gx:3Gx:4]([])^4[Gx:0Gx:1Gx:2Gx:3Gx:4]@(0,1,2,3,4)  3  0  0  0  41  0  0  0  56  0  0  0  479  0  0  0  69  0  0  0  551  0  0  0  790  0  0  0  6203  0  0  0
[Gx:0Gx:1Gx:2Gx:3Gx:4]([])^8[Gx:0Gx:1Gx:2Gx:3Gx:4]@(0,1,2,3,4)  6  0  0  0  49  0  0  0  54  0  0  0  488  0  0  0  61  0  0  0  560  0  0  0  725  0  0  0  6249  0  0  0
[Gx:0Gx:2Gx:4]([])[Gx:0Gx:2Gx:4]@(0,1,2,3,4)  51  0  0  0  509  0  0  0  1  0  0  0  30  0  0  0  696  0  0  0  6437  0  0  0  49  0  0  0  419  0  0  0
[Gx:0Gx:2Gx:4]([])^2[Gx:0Gx:2Gx:4]@(0,1,2,3,4)  50  0  0  0  502  0  0  0  2  0  0  0  28  0  0  0  732  0  0  0  6464  0  0  0  38  0  0  0  376  0  0  0
[Gx:0Gx:2Gx:4]([])^4[Gx:0Gx:2Gx:4]@(0,1,2,3,4)  34  0  0  0  481  0  0  0  3  0  0  0  30  0  0  0  748  0  0  0  6460  0  0  0  46  0  0  0  390  0  0  0
[Gx:0Gx:2Gx:4]([])^8[Gx:0Gx:2Gx:4]@(0,1,2,3,4)  56  0  0  0  482  0  0  0  2  0  0  0  20  0  0  0  738  0  0  0  6463  0  0  0  44  0  0  0  387  0  0  0
[Gx:0Gx:1Gx:4]([])[Gx:0Gx:1Gx:4]@(0,1,2,3,4)  47  0  0  0  3  0  0  0  491  0  0  0  38  0  0  0  505  0  0  0  31  0  0  0  6650  0  0  0  427  0  0  0
[Gx:0Gx:1Gx:4]([])^2[Gx:0Gx:1Gx:4]@(0,1,2,3,4)  43  0  0  0  3  0  0  0  489  0  0  0  35  0  0  0  578  0  0  0  38  0  0  0  6640  0  0  0  366  0  0  0
[Gx:0Gx:1Gx:4]([])^4[Gx:0Gx:1Gx:4]@(0,1,2,3,4)  40  0  0  0  2  0  0  0  522  0  0  0  28  0  0  0  553  0  0  0  33  0  0  0  6605  0  0  0  409  0  0  0
[Gx:0Gx:1Gx:4]([])^8[Gx:0Gx:1Gx:4]@(0,1,2,3,4)  42  0  0  0  1  0  0  0  534  0  0  0  25  0  0  0  534  0  0  0  26  0  0  0  6623  0  0  0  407  0  0  0
[Gx:0Gx:1Gx:2Gx:3]([])[Gx:0Gx:1Gx:2Gx:3]@(0,1,2,3,4)  5  0  0  0  34  0  0  0  48  0  0  0  516  0  0  0  64  0  0  0  578  0  0  0  667  0  0  0  6280  0  0  0
[Gx:0Gx:1Gx:2Gx:3]([])^2[Gx:0Gx:1Gx:2Gx:3]@(0,1,2,3,4)  2  0  0  0  26  0  0  0  55  0  0  0  541  0  0  0  63  0  0  0  562  0  0  0  696  0  0  0  6247  0  0  0
[Gx:0Gx:1Gx:2Gx:3]([])^4[Gx:0Gx:1Gx:2Gx:3]@(0,1,2,3,4)  3  0  0  0  33  0  0  0  67  0  0  0  455  0  0  0  51  0  0  0  536  0  0  0  739  0  0  0  6308  0  0  0
[Gx:0Gx:1Gx:2Gx:3]([])^8[Gx:0Gx:1Gx:2Gx:3]@(0,1,2,3,4)  5  0  0  0  37  0  0  0  76  0  0  0  504  0  0  0  80  0  0  0  555  0  0  0  732  0  0  0  6203  0  0  0
[Gx:1Gx:3]([])[Gx:1Gx:3]@(0,1,2,3,4)  546  0  0  0  35  0  0  0  6985  0  0  0  465  0  0  0  11  0  0  0  0  0  0  0  140  0  0  0  10  0  0  0
[Gx:1Gx:3]([])^2[Gx:1Gx:3]@(0,1,2,3,4)  568  0  0  0  35  0  0  0  7025  0  0  0  406  0  0  0  15  0  0  0  0  0  0  0  134  0  0  0  9  0  0  0
[Gx:1Gx:3]([])^4[Gx:1Gx:3]@(0,1,2,3,4)  584  0  0  0  35  0  0  0  7049  0  0  0  397  0  0  0  8  0  0  0  0  0  0  0  113  0  0  0  6  0  0  0
[Gx:1Gx:3]([])^8[Gx:1Gx:3]@(0,1,2,3,4)  576  0  0  0  29  0  0  0  7039  0  0  0  417  0  0  0  6  0  0  0  0  0  0  0  115  0  0  0  10  0  0  0
[Gx:2Gx:3]([])[Gx:2Gx:3]@(0,1,2,3,4)  744  0  0  0  6837  0  0  0  47  0  0  0  419  0  0  0  15  0  0  0  121  0  0  0  0  0  0  0  9  0  0  0
[Gx:2Gx:3]([])^2[Gx:2Gx:3]@(0,1,2,3,4)  799  0  0  0  6763  0  0  0  33  0  0  0  445  0  0  0  18  0  0  0  127  0  0  0  0  0  0  0  7  0  0  0
[Gx:2Gx:3]([])^4[Gx:2Gx:3]@(0,1,2,3,4)  753  0  0  0  6862  0  0  0  39  0  0  0  410  0  0  0  10  0  0  0  109  0  0  0  3  0  0  0  6  0  0  0
[Gx:2Gx:3]([])^8[Gx:2Gx:3]@(0,1,2,3,4)  633  0  0  0  7008  0  0  0  34  0  0  0  414  0  0  0  8  0  0  0  87  0  0  0  0  0  0  0  8  0  0  0
Gx:4([])Gx:4@(0,1,2,3,4)  7137  0  0  0  523  0  0  0  381  0  0  0  28  0  0  0  113  0  0  0  5  0  0  0  5  0  0  0  0  0  0  0
Gx:4([])^2Gx:4@(0,1,2,3,4)  7225  0  0  0  456  0  0  0  372  0  0  0  29  0  0  0  97  0  0  0  8  0  0  0  3  0  0  0  2  0  0  0
Gx:4([])^4Gx:4@(0,1,2,3,4)  7183  0  0  0  475  0  0  0  406  0  0  0  30  0  0  0  90  0  0  0  5  0  0  0  3  0  0  0  0  0  0  0
Gx:4([])^8Gx:4@(0,1,2,3,4)  7278  0  0  0  409  0  0  0  368  0  0  0  25  0  0  0  99  0  0  0  7  0  0  0  5  0  0  0  1  0  0  0
([])@(0,1,2,3,4)  7298  0  0  0  400  0  0  0  350  0  0  0  35  0  0  0  101  0  0  0  7  0  0  0  1  0  0  0  0  0  0  0
([])^2@(0,1,2,3,4)  7259  0  0  0  414  0  0  0  391  0  0  0  18  0  0  0  98  0  0  0  7  0  0  0  4  0  0  0  1  0  0  0
([])^4@(0,1,2,3,4)  7180  0  0  0  450  0  0  0  412  0  0  0  19  0  0  0  115  0  0  0  9  0  0  0  7  0  0  0  0  0  0  0
([])^8@(0,1,2,3,4)  7255  0  0  0  439  0  0  0  366  0  0  0  33  0  0  0  90  0  0  0  2  0  0  0  6  0  0  0  1  0  0  0
[Gy:0Gy:1Gy:2Gy:3Gy:4][Gy:1Gy:3][Gy:1Gy:3]([])[Gy:0Gy:1Gy:2Gy:3Gy:4][Gy:1Gy:3][Gy:1Gy:3]@(0,1,2,3,4)  8  0  0  0  53  0  0  0  54  0  0  0  462  0  0  0  55  0  0  0  607  0  0  0  542  0  0  0  6411  0  0  0
[Gy:0Gy:1Gy:2Gy:3Gy:4][Gy:1Gy:3][Gy:1Gy:3]([])^2[Gy:0Gy:1Gy:2Gy:3Gy:4][Gy:1Gy:3][Gy:1Gy:3]@(0,1,2,3,4)  4  0  0  0  50  0  0  0  42  0  0  0  493  0  0  0  67  0  0  0  535  0  0  0  628  0  0  0  6373  0  0  0
[Gy:0Gy:1Gy:2Gy:3Gy:4][Gy:1Gy:3][Gy:1Gy:3]([])^4[Gy:0Gy:1Gy:2Gy:3Gy:4][Gy:1Gy:3][Gy:1Gy:3]@(0,1,2,3,4)  2  0  0  0  38  0  0  0  47  0  0  0  454  0  0  0  38  0  0  0  584  0  0  0  554  0  0  0  6475  0  0  0
[Gy:0Gy:1Gy:2Gy:3Gy:4][Gy:1Gy:3][Gy:1Gy:3]([])^8[Gy:0Gy:1Gy:2Gy:3Gy:4][Gy:1Gy:3][Gy:1Gy:3]@(0,1,2,3,4)  6  0  0  0  48  0  0  0  44  0  0  0  443  0  0  0  52  0  0  0  602  0  0  0  591  0  0  0  6406  0  0  0
[Gy:0Gy:1Gy:2Gy:3Gy:4][Gy:2Gy:3][Gy:2Gy:3]([])[Gy:0Gy:1Gy:2Gy:3Gy:4][Gy:2Gy:3][Gy:2Gy:3]@(0,1,2,3,4)  2  0  0  0  40  0  0  0  37  0  0  0  494  0  0  0  61  0  0  0  565  0  0  0  618  0  0  0  6375  0  0  0
[Gy:0Gy:1Gy:2Gy:3Gy:4][Gy:2Gy:3][Gy:2Gy:3]([])^2[Gy:0Gy:1Gy:2Gy:3Gy:4][Gy:2Gy:3][Gy:2Gy:3]@(0,1,2,3,4)  5  0  0  0  38  0  0  0  40  0  0  0  471  0  0  0  52  0  0  0  588  0  0  0  627  0  0  0  6371  0  0  0
[Gy:0Gy:1Gy:2Gy:3Gy:4][Gy:2Gy:3][Gy:2Gy:3]([])^4[Gy:0Gy:1Gy:2Gy:3Gy:4][Gy:2Gy:3][Gy:2Gy:3]@(0,1,2,3,4)  2  0  0  0  42  0  0  0  39  0  0  0  443  0  0  0  40  0  0  0  628  0  0  0  611  0  0  0  6387  0  0  0
[Gy:0Gy:1Gy:2Gy:3Gy:4][Gy:2Gy:3][Gy:2Gy:3]([])^8[Gy:0Gy:1Gy:2Gy:3Gy:4][Gy:2Gy:3][Gy:2Gy:3]@(0,1,2,3,4)  3  0  0  0  40  0  0  0  46  0  0  0  511  0  0  0  58  0  0  0  561  0  0  0  631  0  0  0  6342  0  0  0
[Gy:0Gy:1Gy:2Gy:3Gy:4]Gy:4Gy:4([])[Gy:0Gy:1Gy:2Gy:3Gy:4]Gy:4Gy:4@(0,1,2,3,4)  5  0  0  0  49  0  0  0  44  0  0  0  481  0  0  0  47  0  0  0  599  0  0  0  603  0  0  0  6364  0  0  0
[Gy:0Gy:1Gy:2Gy:3Gy:4]Gy:4Gy:4([])^2[Gy:0Gy:1Gy:2Gy:3Gy:4]Gy:4Gy:4@(0,1,2,3,4)  4  0  0  0  37  0  0  0  34  0  0  0  493  0  0  0  52  0  0  0  594  0  0  0  608  0  0  0  6370  0  0  0
[Gy:0Gy:1Gy:2Gy:3Gy:4]Gy:4Gy:4([])^4[Gy:0Gy:1Gy:2Gy:3Gy:4]Gy:4Gy:4@(0,1,2,3,4)  3  0  0  0  48  0  0  0  36  0  0  0  435  0  0  0  54  0  0  0  613  0  0  0  582  0  0  0  6421  0  0  0
[Gy:0Gy:1Gy:2Gy:3Gy:4]Gy:4Gy:4([])^8[Gy:0Gy:1Gy:2Gy:3Gy:4]Gy:4Gy:4@(0,1,2,3,4)  1  0  0  0  45  0  0  0  47  0  0  0  476  0  0  0  39  0  0  0  586  0  0  0  583  0  0  0  6415  0  0  0
[Gy:0Gy:1Gy:2Gy:3Gy:4][Gy:0Gy:2Gy:4][Gy:0Gy:2Gy:4]([])[Gy:0Gy:1Gy:2Gy:3Gy:4][Gy:0Gy:2Gy:4][Gy:0Gy:2Gy:4]@(0,1,2,3,4)  0  0  0  0  40  0  0  0  53  0  0  0  480  0  0  0  64  0  0  0  594  0  0  0  593  0  0  0  6368  0  0  0
[Gy:0Gy:1Gy:2Gy:3Gy:4][Gy:0Gy:2Gy:4][Gy:0Gy:2Gy:4]([])^2[Gy:0Gy:1Gy:2Gy:3Gy:4][Gy:0Gy:2Gy:4][Gy:0Gy:2Gy:4]@(0,1,2,3,4)  1  0  0  0  43  0  0  0  50  0  0  0  464  0  0  0  57  0  0  0  595  0  0  0  564  0  0  0  6418  0  0  0
[Gy:0Gy:1Gy:2Gy:3Gy:4][Gy:0Gy:2Gy:4][Gy:0Gy:2Gy:4]([])^4[Gy:0Gy:1Gy:2Gy:3Gy:4][Gy:0Gy:2Gy:4][Gy:0Gy:2Gy:4]@(0,1,2,3,4)  3  0  0  0  39  0  0  0  57  0  0  0  464  0  0  0  52  0  0  0  594  0  0  0  582  0  0  0  6401  0  0  0
[Gy:0Gy:1Gy:2Gy:3Gy:4][Gy:0Gy:2Gy:4][Gy:0Gy:2Gy:4]([])^8[Gy:0Gy:1Gy:2Gy:3Gy:4][Gy:0Gy:2Gy:4][Gy:0Gy:2Gy:4]@(0,1,2,3,4)  2  0  0  0  40  0  0  0  47  0  0  0  469  0  0  0  53  0  0  0  563  0  0  0  627  0  0  0  6391  0  0  0
[Gy:0Gy:1Gy:2Gy:3Gy:4][Gy:0Gy:1Gy:4][Gy:0Gy:1Gy:4]([])[Gy:0Gy:1Gy:2Gy:3Gy:4][Gy:0Gy:1Gy:4][Gy:0Gy:1Gy:4]@(0,1,2,3,4)  2  0  0  0  40  0  0  0  36  0  0  0  470  0  0  0  46  0  0  0  607  0  0  0  589  0  0  0  6402  0  0  0
[Gy:0Gy:1Gy:2Gy:3Gy:4][Gy:0Gy:1Gy:4][Gy:0Gy:1Gy:4]([])^2[Gy:0Gy:1Gy:2Gy:3Gy:4][Gy:0Gy:1Gy:4][Gy:0Gy:1Gy:4]@(0,1,2,3,4)  7  0  0  0  50  0  0  0  44  0  0  0  483  0  0  0  47  0  0  0  601  0  0  0  602  0  0  0  6358  0  0  0
[Gy:0Gy:1Gy:2Gy:3Gy:4][Gy:0Gy:1Gy:4][Gy:0Gy:1Gy:4]([])^4[Gy:0Gy:1Gy:2Gy:3Gy:4][Gy:0Gy:1Gy:4][Gy:0Gy:1Gy:4]@(0,1,2,3,4)  1  0  0  0  42  0  0  0  38  0  0  0  456  0  0  0  59  0  0  0  584  0  0  0  609  0  0  0  6403  0  0  0
[Gy:0Gy:1Gy:2Gy:3Gy:4][Gy:0Gy:1Gy:4][Gy:0Gy:1Gy:4]([])^8[Gy:0Gy:1Gy:2Gy:3Gy:4][Gy:0Gy:1Gy:4][Gy:0Gy:1Gy:4]@(0,1,2,3,4)  5  0  0  0  42  0  0  0  58  0  0  0  484  0  0  0  54  0  0  0  587  0  0  0  580  0  0  0  6382  0  0  0
[Gy:0Gy:1Gy:2Gy:3Gy:4][Gy:0Gy:1Gy:2Gy:3][Gy:0Gy:1Gy:2Gy:3]([])[Gy:0Gy:1Gy:2Gy:3Gy:4][Gy:0Gy:1Gy:2Gy:3][Gy:0Gy:1Gy:2Gy:3]@(0,1,2,3,4)  2  0  0  0  56  0  0  0  43  0  0  0  484  0  0  0  50  0  0  0  564  0  0  0  588  0  0  0  6405  0  0  0
[Gy:0Gy:1Gy:2Gy:3Gy:4][Gy:0Gy:1Gy:2Gy:3][Gy:0Gy:1Gy:2Gy:3]([])^2[Gy:0Gy:1Gy:2Gy:3Gy:4][Gy:0Gy:1Gy:2Gy:3][Gy:0Gy:1Gy:2Gy:3]@(0,1,2,3,4)  4  0  0  0  51  0  0  0  37  0  0  0  485  0  0  0  49  0  0  0  594  0  0  0  614  0  0  0  6358  0  0  0
[Gy:0Gy:1Gy:2Gy:3Gy:4][Gy:0Gy:1Gy:2Gy:3][Gy:0Gy:1Gy:2Gy:3]([])^4[Gy:0Gy:1Gy:2Gy:3Gy:4][Gy:0Gy:1Gy:2Gy:3][Gy:0Gy:1Gy:2Gy:3]@(0,1,2,3,4)  2  0  0  0  44  0  0  0  43  0  0  0  504  0  0  0  49  0  0  0  601  0  0  0  588  0  0  0  6361  0  0  0
[Gy:0Gy:1Gy:2Gy:3Gy:4][Gy:0Gy:1Gy:2Gy:3][Gy:0Gy:1Gy:2Gy:3]([])^8[Gy:0Gy:1Gy:2Gy:3Gy:4][Gy:0Gy:1Gy:2Gy:3][Gy:0Gy:1Gy:2Gy:3]@(0,1,2,3,4)  3  0  0  0  47  0  0  0  51  0  0  0  495  0  0  0  50  0  0  0  599  0  0  0  673  0  0  0  6274  0  0  0
[Gy:0Gx:1Gy:2Gx:3Gy:4][Gx:1Gx:3][Gx:1Gx:3]([])[Gy:0Gx:1Gy:2Gx:3Gy:4][Gx:1Gx:3][Gx:1Gx:3]@(0,1,2,3,4)  3  0  0  0  44  0  0  0  50  0  0  0  505  0  0  0  45  0  0  0  557  0  0  0  617  0  0  0  6371  0  0  0
[Gy:0Gx:1Gy:2Gx:3Gy:4][Gx:1Gx:3][Gx:1Gx:3]([])^2[Gy:0Gx:1Gy:2Gx:3Gy:4][Gx:1Gx:3][Gx:1Gx:3]@(0,1,2,3,4)  5  0  0  0  30  0  0  0  44  0  0  0  477  0  0  0  47  0  0  0  558  0  0  0  583  0  0  0  6448  0  0  0
[Gy:0Gx:1Gy:2Gx:3Gy:4][Gx:1Gx:3][Gx:1Gx:3]([])^4[Gy:0Gx:1Gy:2Gx:3Gy:4][Gx:1Gx:3][Gx:1Gx:3]@(0,1,2,3,4)  6  0  0  0  40  0  0  0  40  0  0  0  483  0  0  0  53  0  0  0  569  0  0  0  618  0  0  0  6383  0  0  0
[Gy:0Gx:1Gy:2Gx:3Gy:4][Gx:1Gx:3][Gx:1Gx:3]([])^8[Gy:0Gx:1Gy:2Gx:3Gy:4][Gx:1Gx:3][Gx:1Gx:3]@(0,1,2,3,4)  5  0  0  0  32  0  0  0  41  0  0  0  453  0  0  0  57  0  0  0  600  0  0  0  603  0  0  0  6401  0  0  0
[Gy:0Gy:1Gx:2Gx:3Gy:4][Gx:2Gx:3][Gx:2Gx:3]([])[Gy:0Gy:1Gx:2Gx:3Gy:4][Gx:2Gx:3][Gx:2Gx:3]@(0,1,2,3,4)  2  0  0  0  39  0  0  0  49  0  0  0  417  0  0  0  47  0  0  0  590  0  0  0  580  0  0  0  6468  0  0  0
[Gy:0Gy:1Gx:2Gx:3Gy:4][Gx:2Gx:3][Gx:2Gx:3]([])^2[Gy:0Gy:1Gx:2Gx:3Gy:4][Gx:2Gx:3][Gx:2Gx:3]@(0,1,2,3,4)  2  0  0  0  38  0  0  0  48  0  0  0  476  0  0  0  47  0  0  0  582  0  0  0  594  0  0  0  6405  0  0  0
[Gy:0Gy:1Gx:2Gx:3Gy:4][Gx:2Gx:3][Gx:2Gx:3]([])^4[Gy:0Gy:1Gx:2Gx:3Gy:4][Gx:2Gx:3][Gx:2Gx:3]@(0,1,2,3,4)  5  0  0  0  42  0  0  0  43  0  0  0  482  0  0  0  63  0  0  0  580  0  0  0  595  0  0  0  6382  0  0  0
[Gy:0Gy:1Gx:2Gx:3Gy:4][Gx:2Gx:3][Gx:2Gx:3]([])^8[Gy:0Gy:1Gx:2Gx:3Gy:4][Gx:2Gx:3][Gx:2Gx:3]@(0,1,2,3,4)  6  0  0  0  39  0  0  0  41  0  0  0  462  0  0  0  48  0  0  0  542  0  0  0  545  0  0  0  6509  0  0  0
[Gy:0Gy:1Gy:2Gy:3Gx:4]Gx:4Gx:4([])[Gy:0Gy:1Gy:2Gy:3Gx:4]Gx:4Gx:4@(0,1,2,3,4)  3  0  0  0  42  0  0  0  34  0  0  0  494  0  0  0  51  0  0  0  635  0  0  0  569  0  0  0  6364  0  0  0
[Gy:0Gy:1Gy:2Gy:3Gx:4]Gx:4Gx:4([])^2[Gy:0Gy:1Gy:2Gy:3Gx:4]Gx:4Gx:4@(0,1,2,3,4)  6  0  0  0  51  0  0  0  37  0  0  0  497  0  0  0  41  0  0  0  547  0  0  0  587  0  0  0  6426  0  0  0
[Gy:0Gy:1Gy:2Gy:3Gx:4]Gx:4Gx:4([])^4[Gy:0Gy:1Gy:2Gy:3Gx:4]Gx:4Gx:4@(0,1,2,3,4)  2  0  0  0  48  0  0  0  43  0  0  0  444  0  0  0  49  0  0  0  544  0  0  0  633  0  0  0  6429  0  0  0
[Gy:0Gy:1Gy:2Gy:3Gx:4]Gx:4Gx:4([])^8[Gy:0Gy:1Gy:2Gy:3Gx:4]Gx:4Gx:4@(0,1,2,3,4)  3  0  0  0  36  0  0  0  49  0  0  0  488  0  0  0  33  0  0  0  605  0  0  0  643  0  0  0  6335  0  0  0
[Gx:0Gy:1Gx:2Gy:3Gx:4][Gx:0Gx:2Gx:4][Gx:0Gx:2Gx:4]([])[Gx:0Gy:1Gx:2Gy:3Gx:4][Gx:0Gx:2Gx:4][Gx:0Gx:2Gx:4]@(0,1,2,3,4)  0  0  0  0  43  0  0  0  46  0  0  0  491  0  0  0  63  0  0  0  535  0  0  0  582  0  0  0  6432  0  0  0
[Gx:0Gy:1Gx:2Gy:3Gx:4][Gx:0Gx:2Gx:4][Gx:0Gx:2Gx:4]([])^2[Gx:0Gy:1Gx:2Gy:3Gx:4][Gx:0Gx:2Gx:4][Gx:0Gx:2Gx:4]@(0,1,2,3,4)  5  0  0  0  38  0  0  0  44  0  0  0  443  0  0  0  54  0  0  0  565  0  0  0  598  0  0  0  6445  0  0  0
[Gx:0Gy:1Gx:2Gy:3Gx:4][Gx:0Gx:2Gx:4][Gx:0Gx:2Gx:4]([])^4[Gx:0Gy:1Gx:2Gy:3Gx:4][Gx:0Gx:2Gx:4][Gx:0Gx:2Gx:4]@(0,1,2,3,4)  2  0  0  0  43  0  0  0  51  0  0  0  475  0  0  0  57  0  0  0  537  0  0  0  604  0  0  0  6423  0  0  0
[Gx:0Gy:1Gx:2Gy:3Gx:4][Gx:0Gx:2Gx:4][Gx:0Gx:2Gx:4]([])^8[Gx:0Gy:1Gx:2Gy:3Gx:4][Gx:0Gx:2Gx:4][Gx:0Gx:2Gx:4]@(0,1,2,3,4)  4  0  0  0  44  0  0  0  44  0  0  0  481  0  0  0  36  0  0  0  564  0  0  0  583  0  0  0  6436  0  0  0
[Gx:0Gx:1Gy:2Gy:3Gx:4][Gx:0Gx:1Gx:4][Gx:0Gx:1Gx:4]([])[Gx:0Gx:1Gy:2Gy:3Gx:4][Gx:0Gx:1Gx:4][Gx:0Gx:1Gx:4]@(0,1,2,3,4)  2  0  0  0  38  0  0  0  50  0  0  0  496  0  0  0  34  0  0  0  548  0  0  0  596  0  0  0  6428  0  0  0
[Gx:0Gx:1Gy:2Gy:3Gx:4][Gx:0Gx:1Gx:4][Gx:0Gx:1Gx:4]([])^2[Gx:0Gx:1Gy:2Gy:3Gx:4][Gx:0Gx:1Gx:4][Gx:0Gx:1Gx:4]@(0,1,2,3,4)  2  0  0  0  46  0  0  0  39  0  0  0  452  0  0  0  48  0  0  0  546  0  0  0  606  0  0  0  6453  0  0  0
[Gx:0Gx:1Gy:2Gy:3Gx:4][Gx:0Gx:1Gx:4][Gx:0Gx:1Gx:4]([])^4[Gx:0Gx:1Gy:2Gy:3Gx:4][Gx:0Gx:1Gx:4][Gx:0Gx:1Gx:4]@(0,1,2,3,4)  6  0  0  0  41  0  0  0  42  0  0  0  472  0  0  0  44  0  0  0  551  0  0  0  566  0  0  0  6470  0  0  0
[Gx:0Gx:1Gy:2Gy:3Gx:4][Gx:0Gx:1Gx:4][Gx:0Gx:1Gx:4]([])^8[Gx:0Gx:1Gy:2Gy:3Gx:4][Gx:0Gx:1Gx:4][Gx:0Gx:1Gx:4]@(0,1,2,3,4)  4  0  0  0  43  0  0  0  41  0  0  0  457  0  0  0  66  0  0  0  565  0  0  0  610  0  0  0  6406  0  0  0
[Gx:0Gx:1Gx:2Gx:3Gy:4][Gx:0Gx:1Gx:2Gx:3][Gx:0Gx:1Gx:2Gx:3]([])[Gx:0Gx:1Gx:2Gx:3Gy:4][Gx:0Gx:1Gx:2Gx:3][Gx:0Gx:1Gx:2Gx:3]@(0,1,2,3,4)  4  0  0  0  47  0  0  0  34  0  0  0  473  0  0  0  53  0  0  0  550  0  0  0  618  0  0  0  6413  0  0  0
[Gx:0Gx:1Gx:2Gx:3Gy:4][Gx:0Gx:1Gx:2Gx:3][Gx:0Gx:1Gx:2Gx:3]([])^2[Gx:0Gx:1Gx:2Gx:3Gy:4][Gx:0Gx:1Gx:2Gx:3][Gx:0Gx:1Gx:2Gx:3]@(0,1,2,3,4)  4  0  0  0  46  0  0  0  43  0  0  0  483  0  0  0  42  0  0  0  543  0  0  0  600  0  0  0  6431  0  0  0
[Gx:0Gx:1Gx:2Gx:3Gy:4][Gx:0Gx:1Gx:2Gx:3][Gx:0Gx:1Gx:2Gx:3]([])^4[Gx:0Gx:1Gx:2Gx:3Gy:4][Gx:0Gx:1Gx:2Gx:3][Gx:0Gx:1Gx:2Gx:3]@(0,1,2,3,4)  4  0  0  0  46  0  0  0  33  0  0  0  464  0  0  0  55  0  0  0  563  0  0  0  594  0  0  0  6433  0  0  0
[Gx:0Gx:1Gx:2Gx:3Gy:4][Gx:0Gx:1Gx:2Gx:3][Gx:0Gx:1Gx:2Gx:3]([])^8[Gx:0Gx:1Gx:2Gx:3Gy:4][Gx:0Gx:1Gx:2Gx:3][Gx:0Gx:1Gx:2Gx:3]@(0,1,2,3,4)  3  0  0  0  44  0  0  0  53  0  0  0  546  0  0  0  51  0  0  0  519  0  0  0  636  0  0  0  6340  0  0  0
[Gy:0Gx:1Gy:2Gx:3Gy:4][Gx:1Gx:3]([])[Gy:0Gx:1Gy:2Gx:3Gy:4][Gx:1Gx:3]@(0,1,2,3,4)  48  0  0  0  495  0  0  0  2  0  0  0  34  0  0  0  622  0  0  0  6602  0  0  0  34  0  0  0  355  0  0  0
[Gy:0Gx:1Gy:2Gx:3Gy:4][Gx:1Gx:3]([])^2[Gy:0Gx:1Gy:2Gx:3Gy:4][Gx:1Gx:3]@(0,1,2,3,4)  38  0  0  0  468  0  0  0  3  0  0  0  22  0  0  0  647  0  0  0  6596  0  0  0  36  0  0  0  382  0  0  0
[Gy:0Gx:1Gy:2Gx:3Gy:4][Gx:1Gx:3]([])^4[Gy:0Gx:1Gy:2Gx:3Gy:4][Gx:1Gx:3]@(0,1,2,3,4)  33  0  0  0  529  0  0  0  0  0  0  0  26  0  0  0  620  0  0  0  6566  0  0  0  35  0  0  0  383  0  0  0
[Gy:0Gx:1Gy:2Gx:3Gy:4][Gx:1Gx:3]([])^8[Gy:0Gx:1Gy:2Gx:3Gy:4][Gx:1Gx:3]@(0,1,2,3,4)  52  0  0  0  500  0  0  0  5  0  0  0  27  0  0  0  612  0  0  0  6596  0  0  0  27  0  0  0  373  0  0  0
[Gy:0Gy:1Gx:2Gx:3Gy:4][Gx:2Gx:3]([])[Gy:0Gy:1Gx:2Gx:3Gy:4][Gx:2Gx:3]@(0,1,2,3,4)  48  0  0  0  2  0  0  0  483  0  0  0  32  0  0  0  521  0  0  0  41  0  0  0  6587  0  0  0  478  0  0  0
[Gy:0Gy:1Gx:2Gx:3Gy:4][Gx:2Gx:3]([])^2[Gy:0Gy:1Gx:2Gx:3Gy:4][Gx:2Gx:3]@(0,1,2,3,4)  42  0  0  0  4  0  0  0  468  0  0  0  33  0  0  0  577  0  0  0  29  0  0  0  6586  0  0  0  453  0  0  0
[Gy:0Gy:1Gx:2Gx:3Gy:4][Gx:2Gx:3]([])^4[Gy:0Gy:1Gx:2Gx:3Gy:4][Gx:2Gx:3]@(0,1,2,3,4)  36  0  0  0  4  0  0  0  512  0  0  0  35  0  0  0  580  0  0  0  28  0  0  0  6600  0  0  0  397  0  0  0
[Gy:0Gy:1Gx:2Gx:3Gy:4][Gx:2Gx:3]([])^8[Gy:0Gy:1Gx:2Gx:3Gy:4][Gx:2Gx:3]@(0,1,2,3,4)  33  0  0  0  3  0  0  0  525  0  0  0  23  0  0  0  547  0  0  0  51  0  0  0  6640  0  0  0  370  0  0  0
[Gy:0Gy:1Gy:2Gy:3Gx:4]Gx:4([])[Gy:0Gy:1Gy:2Gy:3Gx:4]Gx:4@(0,1,2,3,4)  2  0  0  0  41  0  0  0  46  0  0  0  486  0  0  0  42  0  0  0  564  0  0  0  564  0  0  0  6447  0  0  0
[Gy:0Gy:1Gy:2Gy:3Gx:4]Gx:4([])^2[Gy:0Gy:1Gy:2Gy:3Gx:4]Gx:4@(0,1,2,3,4)  2  0  0  0  34  0  0  0  49  0  0  0  462  0  0  0  46  0  0  0  601  0  0  0  603  0  0  0  6395  0  0  0
[Gy:0Gy:1Gy:2Gy:3Gx:4]Gx:4([])^4[Gy:0Gy:1Gy:2Gy:3Gx:4]Gx:4@(0,1,2,3,4)  3  0  0  0  44  0  0  0  28  0  0  0  510  0  0  0  42  0  0  0  565  0  0  0  577  0  0  0  6423  0  0  0
[Gy:0Gy:1Gy:2Gy:3Gx:4]Gx:4([])^8[Gy:0Gy:1Gy:2Gy:3Gx:4]Gx:4@(0,1,2,3,4)  2  0  0  0  54  0  0  0  52  0  0  0  487  0  0  0  43  0  0  0  570  0  0  0  567  0  0  0  6417  0  0  0
[Gx:0Gy:1Gx:2Gy:3Gx:4][Gx:0Gx:2Gx:4]([])[Gx:0Gy:1Gx:2Gy:3Gx:4][Gx:0Gx:2Gx:4]@(0,1,2,3,4)  569  0  0  0  36  0  0  0  7016  0  0  0  469  0  0  0  7  0  0  0  2  0  0  0  84  0  0  0  9  0  0  0
[Gx:0Gy:1Gx:2Gy:3Gx:4][Gx:0Gx:2Gx:4]([])^2[Gx:0Gy:1Gx:2Gy:3Gx:4][Gx:0Gx:2Gx:4]@(0,1,2,3,4)  583  0  0  0  30  0  0  0  6975  0  0  0  484  0  0  0  10  0  0  0  1  0  0  0  98  0  0  0  11  0  0  0
[Gx:0Gy:1Gx:2Gy:3Gx:4][Gx:0Gx:2Gx:4]([])^4[Gx:0Gy:1Gx:2Gy:3Gx:4][Gx:0Gx:2Gx:4]@(0,1,2,3,4)  618  0  0  0  36  0  0  0  6983  0  0  0  447  0  0  0  9  0  0  0  1  0  0  0  93  0  0  0  5  0  0  0
[Gx:0Gy:1Gx:2Gy:3Gx:4][Gx:0Gx:2Gx:4]([])^8[Gx:0Gy:1Gx:2Gy:3Gx:4][Gx:0Gx:2Gx:4]@(0,1,2,3,4)  572  0  0  0  29  0  0  0  7017  0  0  0  462  0  0  0  7  0  0  0  0  0  0  0  98  0  0  0  7  0  0  0
[Gx:0Gx:1Gy:2Gy:3Gx:4][Gx:0Gx:1Gx:4]([])[Gx:0Gx:1Gy:2Gy:3Gx:4][Gx:0Gx:1Gx:4]@(0,1,2,3,4)  598  0  0  0  7057  0  0  0  35  0  0  0  388  0  0  0  11  0  0  0  102  0  0  0  0  0  0  0  1  0  0  0
[Gx:0Gx:1Gy:2Gy:3Gx:4][Gx:0Gx:1Gx:4]([])^2[Gx:0Gx:1Gy:2Gy:3Gx:4][Gx:0Gx:1Gx:4]@(0,1,2,3,4)  624  0  0  0  7015  0  0  0  29  0  0  0  415  0  0  0  5  0  0  0  99  0  0  0  1  0  0  0  4  0  0  0
[Gx:0Gx:1Gy:2Gy:3Gx:4][Gx:0Gx:1Gx:4]([])^4[Gx:0Gx:1Gy:2Gy:3Gx:4][Gx:0Gx:1Gx:4]@(0,1,2,3,4)  611  0  0  0  7052  0  0  0  30  0  0  0  377  0  0  0  11  0  0  0  103  0  0  0  1  0  0  0  7  0  0  0
[Gx:0Gx:1Gy:2Gy:3Gx:4][Gx:0Gx:1Gx:4]([])^8[Gx:0Gx:1Gy:2Gy:3Gx:4][Gx:0Gx:1Gx:4]@(0,1,2,3,4)  648  0  0  0  7017  0  0  0  34  0  0  0  369  0  0  0  12  0  0  0  108  0  0  0  0  0  0  0  4  0  0  0
[Gx:0Gx:1Gx:2Gx:3Gy:4][Gx:0Gx:1Gx:2Gx:3]([])[Gx:0Gx:1Gx:2Gx:3Gy:4][Gx:0Gx:1Gx:2Gx:3]@(0,1,2,3,4)  7197  0  0  0  516  0  0  0  346  0  0  0  36  0  0  0  84  0  0  0  8  0  0  0  5  0  0  0  0  0  0  0
[Gx:0Gx:1Gx:2Gx:3Gy:4][Gx:0Gx:1Gx:2Gx:3]([])^2[Gx:0Gx:1Gx:2Gx:3Gy:4][Gx:0Gx:1Gx:2Gx:3]@(0,1,2,3,4)  7203  0  0  0  435  0  0  0  416  0  0  0  30  0  0  0  96  0  0  0  4  0  0  0  7  0  0  0  1  0  0  0
[Gx:0Gx:1Gx:2Gx:3Gy:4][Gx:0Gx:1Gx:2Gx:3]([])^4[Gx:0Gx:1Gx:2Gx:3Gy:4][Gx:0Gx:1Gx:2Gx:3]@(0,1,2,3,4)  7197  0  0  0  434  0  0  0  409  0  0  0  28  0  0  0  111  0  0  0  4  0  0  0  8  0  0  0  1  0  0  0
[Gx:0Gx:1Gx:2Gx:3Gy:4][Gx:0Gx:1Gx:2Gx:3]([])^8[Gx:0Gx:1Gx:2Gx:3Gy:4][Gx:0Gx:1Gx:2Gx:3]@(0,1,2,3,4)  7164  0  0  0  469  0  0  0  376  0  0  0  35  0  0  0  133  0  0  0  7  0  0  0  7  0  0  0  1  0  0  0
[Gx:0Gy:1Gx:2Gy:3Gx:4][Gy:1Gy:3][Gy:1Gy:3]([])[Gx:0Gy:1Gx:2Gy:3Gx:4][Gy:1Gy:3][Gy:1Gy:3]@(0,1,2,3,4)  5  0  0  0  37  0  0  0  38  0  0  0  433  0  0  0  41  0  0  0  553  0  0  0  518  0  0  0  6567  0  0  0
[Gx:0Gy:1Gx:2Gy:3Gx:4][Gy:1Gy:3][Gy:1Gy:3]([])^2[Gx:0Gy:1Gx:2Gy:3Gx:4][Gy:1Gy:3][Gy:1Gy:3]@(0,1,2,3,4)  8  0  0  0  36  0  0  0  48  0  0  0  464  0  0  0  48  0  0  0  536  0  0  0  613  0  0  0  6439  0  0  0
[Gx:0Gy:1Gx:2Gy:3Gx:4][Gy:1Gy:3][Gy:1Gy:3]([])^4[Gx:0Gy:1Gx:2Gy:3Gx:4][Gy:1Gy:3][Gy:1Gy:3]@(0,1,2,3,4)  6  0  0  0  42  0  0  0  36  0  0  0  446  0  0  0  40  0  0  0  574  0  0  0  654  0  0  0  6394  0  0  0
[Gx:0Gy:1Gx:2Gy:3Gx:4][Gy:1Gy:3][Gy:1Gy:3]([])^8[Gx:0Gy:1Gx:2Gy:3Gx:4][Gy:1Gy:3][Gy:1Gy:3]@(0,1,2,3,4)  5  0  0  0  37  0  0  0  42  0  0  0  444  0  0  0  54  0  0  0  523  0  0  0  579  0  0  0  6508  0  0  0
[Gx:0Gx:1Gy:2Gy:3Gx:4][Gy:2Gy:3][Gy:2Gy:3]([])[Gx:0Gx:1Gy:2Gy:3Gx:4][Gy:2Gy:3][Gy:2Gy:3]@(0,1,2,3,4)  6  0  0  0  38  0  0  0  45  0  0  0  458  0  0  0  43  0  0  0  502  0  0  0  610  0  0  0  6490  0  0  0
[Gx:0Gx:1Gy:2Gy:3Gx:4][Gy:2Gy:3][Gy:2Gy:3]([])^2[Gx:0Gx:1Gy:2Gy:3Gx:4][Gy:2Gy:3][Gy:2Gy:3]@(0,1,2,3,4)  5  0  0  0  41  0  0  0  53  0  0  0  501  0  0  0  48  0  0  0  563  0  0  0  603  0  0  0  6378  0  0  0
[Gx:0Gx:1Gy:2Gy:3Gx:4][Gy:2Gy:3][Gy:2Gy:3]([])^4[Gx:0Gx:1Gy:2Gy:3Gx:4][Gy:2Gy:3][Gy:2Gy:3]@(0,1,2,3,4)  2  0  0  0  41  0  0  0  47  0  0  0  465  0  0  0  50  0  0  0  496  0  0  0  597  0  0  0  6494  0  0  0
[Gx:0Gx:1Gy:2Gy:3Gx:4][Gy:2Gy:3][Gy:2Gy:3]([])^8[Gx:0Gx:1Gy:2Gy:3Gx:4][Gy:2Gy:3][Gy:2Gy:3]@(0,1,2,3,4)  3  0  0  0  53  0  0  0  48  0  0  0  472  0  0  0  57  0  0  0  541  0  0  0  603  0  0  0  6415  0  0  0
[Gx:0Gx:1Gx:2Gx:3Gy:4]Gy:4Gy:4([])[Gx:0Gx:1Gx:2Gx:3Gy:4]Gy:4Gy:4@(0,1,2,3,4)  2  0  0  0  45  0  0  0  36  0  0  0  447  0  0  0  47  0  0  0  531  0  0  0  630  0  0  0  6454  0  0  0
[Gx:0Gx:1Gx:2Gx:3Gy:4]Gy:4Gy:4([])^2[Gx:0Gx:1Gx:2Gx:3Gy:4]Gy:4Gy:4@(0,1,2,3,4)  6  0  0  0  29  0  0  0  49  0  0  0  464  0  0  0  56  0  0  0  506  0  0  0  571  0  0  0  6511  0  0  0
[Gx:0Gx:1Gx:2Gx:3Gy:4]Gy:4Gy:4([])^4[Gx:0Gx:1Gx:2Gx:3Gy:4]Gy:4Gy:4@(0,1,2,3,4)  5  0  0  0  41  0  0  0  36  0  0  0  479  0  0  0  35  0  0  0  566  0  0  0  572  0  0  0  6458  0  0  0
[Gx:0Gx:1Gx:2Gx:3Gy:4]Gy:4Gy:4([])^8[Gx:0Gx:1Gx:2Gx:3Gy:4]Gy:4Gy:4@(0,1,2,3,4)  2  0  0  0  45  0  0  0  48  0  0  0  467  0  0  0  37  0  0  0  554  0  0  0  590  0  0  0  6449  0  0  0
[Gy:0Gx:1Gy:2Gx:3Gy:4][Gy:0Gy:2Gy:4][Gy:0Gy:2Gy:4]([])[Gy:0Gx:1Gy:2Gx:3Gy:4][Gy:0Gy:2Gy:4][Gy:0Gy:2Gy:4]@(0,1,2,3,4)  5  0  0  0  24  0  0  0  31  0  0  0  460  0  0  0  64  0  0  0  524  0  0  0  589  0  0  0  6495  0  0  0
[Gy:0Gx:1Gy:2Gx:3Gy:4][Gy:0Gy:2Gy:4][Gy:0Gy:2Gy:4]([])^2[Gy:0Gx:1Gy:2Gx:3Gy:4][Gy:0Gy:2Gy:4][Gy:0Gy:2Gy:4]@(0,1,2,3,4)  2  0  0  0  26  0  0  0  50  0  0  0  485  0  0  0  51  0  0  0  530  0  0  0  585  0  0  0  6463  0  0  0
[Gy:0Gx:1Gy:2Gx:3Gy:4][Gy:0Gy:2Gy:4][Gy:0Gy:2Gy:4]([])^4[Gy:0Gx:1Gy:2Gx:3Gy:4][Gy:0Gy:2Gy:4][Gy:0Gy:2Gy:4]@(0,1,2,3,4)  1  0  0  0  36  0  0  0  44  0  0  0  454  0  0  0  67  0  0  0  557  0  0  0  566  0  0  0  6467  0  0  0
[Gy:0Gx:1Gy:2Gx:3Gy:4][Gy:0Gy:2Gy:4][Gy:0Gy:2Gy:4]([])^8[Gy:0Gx:1Gy:2Gx:3Gy:4][Gy:0Gy:2Gy:4][Gy:0Gy:2Gy:4]@(0,1,2,3,4)  2  0  0  0  36  0  0  0  58  0  0  0  451  0  0  0  32  0  0  0  515  0  0  0  600  0  0  0  6498  0  0  0
[Gy:0Gy:1Gx:2Gx:3Gy:4][Gy:0Gy:1Gy:4][Gy:0Gy:1Gy:4]([])[Gy:0Gy:1Gx:2Gx:3Gy:4][Gy:0Gy:1Gy:4][Gy:0Gy:1Gy:4]@(0,1,2,3,4)  6  0  0  0  27  0  0  0  52  0  0  0  454  0  0  0  56  0  0  0  521  0  0  0  596  0  0  0  6480  0  0  0
[Gy:0Gy:1Gx:2Gx:3Gy:4][Gy:0Gy:1Gy:4][Gy:0Gy:1Gy:4]([])^2[Gy:0Gy:1Gx:2Gx:3Gy:4][Gy:0Gy:1Gy:4][Gy:0Gy:1Gy:4]@(0,1,2,3,4)  2  0  0  0  40  0  0  0  38  0  0  0  418  0  0  0  48  0  0  0  541  0  0  0  570  0  0  0  6535  0  0  0
[Gy:0Gy:1Gx:2Gx:3Gy:4][Gy:0Gy:1Gy:4][Gy:0Gy:1Gy:4]([])^4[Gy:0Gy:1Gx:2Gx:3Gy:4][Gy:0Gy:1Gy:4][Gy:0Gy:1Gy:4]@(0,1,2,3,4)  5  0  0  0  39  0  0  0  50  0  0  0  463  0  0  0  48  0  0  0  535  0  0  0  586  0  0  0  6466  0  0  0
[Gy:0Gy:1Gx:2Gx:3Gy:4][Gy:0Gy:1Gy:4][Gy:0Gy:1Gy:4]([])^8[Gy:0Gy:1Gx:2Gx:3Gy:4][Gy:0Gy:1Gy:4][Gy:0Gy:1Gy:4]@(0,1,2,3,4)  4  0  0  0  43  0  0  0  51  0  0  0  467  0  0  0  54  0  0  0  552  0  0  0  605  0  0  0  6416  0  0  0
[Gy:0Gy:1Gy:2Gy:3Gx:4][Gy:0Gy:1Gy:2Gy:3][Gy:0Gy:1Gy:2Gy:3]([])[Gy:0Gy:1Gy:2Gy:3Gx:4][Gy:0Gy:1Gy:2Gy:3][Gy:0Gy:1Gy:2Gy:3]@(0,1,2,3,4)  6  0  0  0  39  0  0  0  42  0  0  0  461  0  0  0  41  0  0  0  530  0  0  0  577  0  0  0  6496  0  0  0
[Gy:0Gy:1Gy:2Gy:3Gx:4][Gy:0Gy:1Gy:2Gy:3][Gy:0Gy:1Gy:2Gy:3]([])^2[Gy:0Gy:1Gy:2Gy:3Gx:4][Gy:0Gy:1Gy:2Gy:3][Gy:0Gy:1Gy:2Gy:3]@(0,1,2,3,4)  4  0  0  0  53  0  0  0  37  0  0  0  418  0  0  0  50  0  0  0  554  0  0  0  585  0  0  0  6491  0  0  0
[Gy:0Gy:1Gy:2Gy:3Gx:4][Gy:0Gy:1Gy:2Gy:3][Gy:0Gy:1Gy:2Gy:3]([])^4[Gy:0Gy:1Gy:2Gy:3Gx:4][Gy:0Gy:1Gy:2Gy:3][Gy:0Gy:1Gy:2Gy:3]@(0,1,2,3,4)  5  0  0  0  37  0  0  0  40  0  0  0  461  0  0  0  51  0  0  0  533  0  0  0  582  0  0  0  6483  0  0  0
[Gy:0Gy:1Gy:2Gy:3Gx:4][Gy:0Gy:1Gy:2Gy:3][Gy:0Gy:1Gy:2Gy:3]([])^8[Gy:0Gy:1Gy:2Gy:3Gx:4][Gy:0Gy:1Gy:2Gy:3][Gy:0Gy:1Gy:2Gy:3]@(0,1,2,3,4)  2  0  0  0  37  0  0  0  43  0  0  0  469  0  0  0  52  0  0  0  566  0  0  0  596  0  0  0  6427  0  0  0
[Gx:0Gx:1Gx:2Gx:3Gx:4][Gx:1Gx:3][Gx:1Gx:3]([])[Gx:0Gx:1Gx:2Gx:3Gx:4][Gx:1Gx:3][Gx:1Gx:3]@(0,1,2,3,4)  5  0  0  0  38  0  0  0  36  0  0  0  464  0  0  0  46  0  0  0  529  0  0  0  576  0  0  0  6498  0  0  0
[Gx:0Gx:1Gx:2Gx:3Gx:4][Gx:1Gx:3][Gx:1Gx:3]([])^2[Gx:0Gx:1Gx:2Gx:3Gx:4][Gx:1Gx:3][Gx:1Gx:3]@(0,1,2,3,4)  6  0  0  0  32  0  0  0  35  0  0  0  483  0  0  0  41  0  0  0  528  0  0  0  584  0  0  0  6483  0  0  0
[Gx:0Gx:1Gx:2Gx:3Gx:4][Gx:1Gx:3][Gx:1Gx:3]([])^4[Gx:0Gx:1Gx:2Gx:3Gx:4][Gx:1Gx:3][Gx:1Gx:3]@(0,1,2,3,4)  4  0  0  0  49  0  0  0  38  0  0  0  435  0  0  0  50  0  0  0  484  0  0  0  625  0  0  0  6507  0  0  0
[Gx:0Gx:1Gx:2Gx:3Gx:4][Gx:1Gx:3][Gx:1Gx:3]([])^8[Gx:0Gx:1Gx:2Gx:3Gx:4][Gx:1Gx:3][Gx:1Gx:3]@(0,1,2,3,4)  2  0  0  0  33  0  0  0  40  0  0  0  485  0  0  0  37  0  0  0  551  0  0  0  591  0  0  0  6453  0  0  0
[Gx:0Gx:1Gx:2Gx:3Gx:4][Gx:2Gx:3][Gx:2Gx:3]([])[Gx:0Gx:1Gx:2Gx:3Gx:4][Gx:2Gx:3][Gx:2Gx:3]@(0,1,2,3,4)  3  0  0  0  34  0  0  0  34  0  0  0  502  0  0  0  46  0  0  0  505  0  0  0  566  0  0  0  6502  0  0  0
[Gx:0Gx:1Gx:2Gx:3Gx:4][Gx:2Gx:3][Gx:2Gx:3]([])^2[Gx:0Gx:1Gx:2Gx:3Gx:4][Gx:2Gx:3][Gx:2Gx:3]@(0,1,2,3,4)  3  0  0  0  32  0  0  0  37  0  0  0  463  0  0  0  63  0  0  0  504  0  0  0  565  0  0  0  6525  0  0  0
[Gx:0Gx:1Gx:2Gx:3Gx:4][Gx:2Gx:3][Gx:2Gx:3]([])^4[Gx:0Gx:1Gx:2Gx:3Gx:4][Gx:2Gx:3][Gx:2Gx:3]@(0,1,2,3,4)  2  0  0  0  33  0  0  0  43  0  0  0  472  0  0  0  59  0  0  0  540  0  0  0  596  0  0  0  6447  0  0  0
[Gx:0Gx:1Gx:2Gx:3Gx:4][Gx:2Gx:3][Gx:2Gx:3]([])^8[Gx:0Gx:1Gx:2Gx:3Gx:4][Gx:2Gx:3][Gx:2Gx:3]@(0,1,2,3,4)  4  0  0  0  25  0  0  0  41  0  0  0  464  0  0  0  54  0  0  0  550  0  0  0  566  0  0  0  6488  0  0  0
[Gx:0Gx:1Gx:2Gx:3Gx:4]Gx:4Gx:4([])[Gx:0Gx:1Gx:2Gx:3Gx:4]Gx:4Gx:4@(0,1,2,3,4)  2  0  0  0  37  0  0  0  41  0  0  0  436  0  0  0  50  0  0  0  575  0  0  0  612  0  0  0  6439  0  0  0
[Gx:0Gx:1Gx:2Gx:3Gx:4]Gx:4Gx:4([])^2[Gx:0Gx:1Gx:2Gx:3Gx:4]Gx:4Gx:4@(0,1,2,3,4)  3  0  0  0  34  0  0  0  37  0  0  0  465  0  0  0  51  0  0  0  535  0  0  0  569  0  0  0  6498  0  0  0
[Gx:0Gx:1Gx:2Gx:3Gx:4]Gx:4Gx:4([])^4[Gx:0Gx:1Gx:2Gx:3Gx:4]Gx:4Gx:4@(0,1,2,3,4)  4  0  0  0  37  0  0  0  27  0  0  0  446  0  0  0  50  0  0  0  583  0  0  0  619  0  0  0  6426  0  0  0
[Gx:0Gx:1Gx:2Gx:3Gx:4]Gx:4Gx:4([])^8[Gx:0Gx:1Gx:2Gx:3Gx:4]Gx:4Gx:4@(0,1,2,3,4)  5  0  0  0  34  0  0  0  58  0  0  0  458  0  0  0  47  0  0  0  495  0  0  0  613  0  0  0  6482  0  0  0
[Gx:0Gx:1Gx:2Gx:3Gx:4][Gx:0Gx:2Gx:4][Gx:0Gx:2Gx:4]([])[Gx:0Gx:1Gx:2Gx:3Gx:4][Gx:0Gx:2Gx:4][Gx:0Gx:2Gx:4]@(0,1,2,3,4)  6  0  0  0  38  0  0  0  37  0  0  0  440  0  0  0  47  0  0  0  550  0  0  0  621  0  0  0  6453  0  0  0
[Gx:0Gx:1Gx:2Gx:3Gx:4][Gx:0Gx:2Gx:4][Gx:0Gx:2Gx:4]([])^2[Gx:0Gx:1Gx:2Gx:3Gx:4][Gx:0Gx:2Gx:4][Gx:0Gx:2Gx:4]@(0,1,2,3,4)  2  0  0  0  42  0  0  0  36  0  0  0  478  0  0  0  38  0  0  0  540  0  0  0  568  0  0  0  6488  0  0  0
[Gx:0Gx:1Gx:2Gx:3Gx:4][Gx:0Gx:2Gx:4][Gx:0Gx:2Gx:4]([])^4[Gx:0Gx:1Gx:2Gx:3Gx:4][Gx:0Gx:2Gx:4][Gx:0Gx:2Gx:4]@(0,1,2,3,4)  4  0  0  0  44  0  0  0  37  0  0  0  471  0  0  0  47  0  0  0  520  0  0  0  596  0  0  0  6473  0  0  0
[Gx:0Gx:1Gx:2Gx:3Gx:4][Gx:0Gx:2Gx:4][Gx:0Gx:2Gx:4]([])^8[Gx:0Gx:1Gx:2Gx:3Gx:4][Gx:0Gx:2Gx:4][Gx:0Gx:2Gx:4]@(0,1,2,3,4)  3  0  0  0  39  0  0  0  37  0  0  0  456  0  0  0  50  0  0  0  560  0  0  0  604  0  0  0  6443  0  0  0
[Gx:0Gx:1Gx:2Gx:3Gx:4][Gx:0Gx:1Gx:4][Gx:0Gx:1Gx:4]([])[Gx:0Gx:1Gx:2Gx:3Gx:4][Gx:0Gx:1Gx:4][Gx:0Gx:1Gx:4]@(0,1,2,3,4)  4  0  0  0  36  0  0  0  32  0  0  0  466  0  0  0  47  0  0  0  488  0  0  0  614  0  0  0  6505  0  0  0
[Gx:0Gx:1Gx:2Gx:3Gx:4][Gx:0Gx:1Gx:4][Gx:0Gx:1Gx:4]([])^2[Gx:0Gx:1Gx:2Gx:3Gx:4][Gx:0Gx:1Gx:4][Gx:0Gx:1Gx:4]@(0,1,2,3,4)  5  0  0  0  42  0  0  0  45  0  0  0  431  0  0  0  54  0  0  0  530  0  0  0  599  0  0  0  6486  0  0  0
[Gx:0Gx:1Gx:2Gx:3Gx:4][Gx:0Gx:1Gx:4][Gx:0Gx:1Gx:4]([])^4[Gx:0Gx:1Gx:2Gx:3Gx:4][Gx:0Gx:1Gx:4][Gx:0Gx:1Gx:4]@(0,1,2,3,4)  2  0  0  0  36  0  0  0  46  0  0  0  494  0  0  0  44  0  0  0  504  0  0  0  574  0  0  0  6492  0  0  0
[Gx:0Gx:1Gx:2Gx:3Gx:4][Gx:0Gx:1Gx:4][Gx:0Gx:1Gx:4]([])^8[Gx:0Gx:1Gx:2Gx:3Gx:4][Gx:0Gx:1Gx:4][Gx:0Gx:1Gx:4]@(0,1,2,3,4)  3  0  0  0  35  0  0  0  39  0  0  0  448  0  0  0  48  0  0  0  536  0  0  0  656  0  0  0  6427  0  0  0
[Gx:0Gx:1Gx:2Gx:3Gx:4][Gx:0Gx:1Gx:2Gx:3][Gx:0Gx:1Gx:2Gx:3]([])[Gx:0Gx:1Gx:2Gx:3Gx:4][Gx:0Gx:1Gx:2Gx:3][Gx:0Gx:1Gx:2Gx:3]@(0,1,2,3,4)  8  0  0  0  44  0  0  0  29  0  0  0  459  0  0  0  53  0  0  0  568  0  0  0  594  0  0  0  6437  0  0  0
[Gx:0Gx:1Gx:2Gx:3Gx:4][Gx:0Gx:1Gx:2Gx:3][Gx:0Gx:1Gx:2Gx:3]([])^2[Gx:0Gx:1Gx:2Gx:3Gx:4][Gx:0Gx:1Gx:2Gx:3][Gx:0Gx:1Gx:2Gx:3]@(0,1,2,3,4)  2  0  0  0  37  0  0  0  51  0  0  0  483  0  0  0  38  0  0  0  546  0  0  0  593  0  0  0  6442  0  0  0
[Gx:0Gx:1Gx:2Gx:3Gx:4][Gx:0Gx:1Gx:2Gx:3][Gx:0Gx:1Gx:2Gx:3]([])^4[Gx:0Gx:1Gx:2Gx:3Gx:4][Gx:0Gx:1Gx:2Gx:3][Gx:0Gx:1Gx:2Gx:3]@(0,1,2,3,4)  10  0  0  0  39  0  0  0  48  0  0  0  488  0  0  0  40  0  0  0  520  0  0  0  585  0  0  0  6462  0  0  0
[Gx:0Gx:1Gx:2Gx:3Gx:4][Gx:0Gx:1Gx:2Gx:3][Gx:0Gx:1Gx:2Gx:3]([])^8[Gx:0Gx:1Gx:2Gx:3Gx:4][Gx:0Gx:1Gx:2Gx:3][Gx:0Gx:1Gx:2Gx:3]@(0,1,2,3,4)  2  0  0  0  37  0  0  0  44  0  0  0  442  0  0  0  48  0  0  0  566  0  0  0  608  0  0  0  6445  0  0  0
[Gx:0Gx:1Gx:2Gx:3Gx:4][Gx:1Gx:3]([])[Gx:0Gx:1Gx:2Gx:3Gx:4][Gx:1Gx:3]@(0,1,2,3,4)  41  0  0  0  493  0  0  0  1  0  0  0  25  0  0  0  624  0  0  0  6579  0  0  0  31  0  0  0  398  0  0  0
[Gx:0Gx:1Gx:2Gx:3Gx:4][Gx:1Gx:3]([])^2[Gx:0Gx:1Gx:2Gx:3Gx:4][Gx:1Gx:3]@(0,1,2,3,4)  47  0  0  0  473  0  0  0  4  0  0  0  25  0  0  0  613  0  0  0  6575  0  0  0  45  0  0  0  410  0  0  0
[Gx:0Gx:1Gx:2Gx:3Gx:4][Gx:1Gx:3]([])^4[Gx:0Gx:1Gx:2Gx:3Gx:4][Gx:1Gx:3]@(0,1,2,3,4)  56  0  0  0  473  0  0  0  1  0  0  0  29  0  0  0  639  0  0  0  6598  0  0  0  47  0  0  0  349  0  0  0
[Gx:0Gx:1Gx:2Gx:3Gx:4][Gx:1Gx:3]([])^8[Gx:0Gx:1Gx:2Gx:3Gx:4][Gx:1Gx:3]@(0,1,2,3,4)  41  0  0  0  488  0  0  0  4  0  0  0  13  0  0  0  630  0  0  0  6595  0  0  0  29  0  0  0  392  0  0  0
[Gx:0Gx:1Gx:2Gx:3Gx:4][Gx:2Gx:3]([])[Gx:0Gx:1Gx:2Gx:3Gx:4][Gx:2Gx:3]@(0,1,2,3,4)  36  0  0  0  2  0  0  0  481  0  0  0  33  0  0  0  490  0  0  0  26  0  0  0  6675  0  0  0  449  0  0  0
[Gx:0Gx:1Gx:2Gx:3Gx:4][Gx:2Gx:3]([])^2[Gx:0Gx:1Gx:2Gx:3Gx:4][Gx:2Gx:3]@(0,1,2,3,4)  27  0  0  0  1  0  0  0  452  0  0  0  38  0  0  0  523  0  0  0  42  0  0  0  6672  0  0  0  437  0  0  0
[Gx:0Gx:1Gx:2Gx:3Gx:4][Gx:2Gx:3]([])^4[Gx:0Gx:1Gx:2Gx:3Gx:4][Gx:2Gx:3]@(0,1,2,3,4)  44  0  0  0  1  0  0  0  478  0  0  0  32  0  0  0  508  0  0  0  33  0  0  0  6694  0  0  0  402  0  0  0
[Gx:0Gx:1Gx:2Gx:3Gx:4][Gx:2Gx:3]([])^8[Gx:0Gx:1Gx:2Gx:3Gx:4][Gx:2Gx:3]@(0,1,2,3,4)  35  0  0  0  1  0  0  0  499  0  0  0  35  0  0  0  520  0  0  0  30  0  0  0  6627  0  0  0  445  0  0  0
[Gx:0Gx:1Gx:2Gx:3Gx:4]Gx:4([])[Gx:0Gx:1Gx:2Gx:3Gx:4]Gx:4@(0,1,2,3,4)  4  0  0  0  46  0  0  0  38  0  0  0  473  0  0  0  46  0  0  0  513  0  0  0  567  0  0  0  6505  0  0  0
[Gx:0Gx:1Gx:2Gx:3Gx:4]Gx:4([])^2[Gx:0Gx:1Gx:2Gx:3Gx:4]Gx:4@(0,1,2,3,4)  6  0  0  0  38  0  0  0  32  0  0  0  468  0  0  0  48  0  0  0  539  0  0  0  603  0  0  0  6458  0  0  0
[Gx:0Gx:1Gx:2Gx:3Gx:4]Gx:4([])^4[Gx:0Gx:1Gx:2Gx:3Gx:4]Gx:4@(0,1,2,3,4)  0  0  0  0  25  0  0  0  40  0  0  0  432  0  0  0  42  0  0  0  512  0  0  0  576  0  0  0  6565  0  0  0
[Gx:0Gx:1Gx:2Gx:3Gx:4]Gx:4([])^8[Gx:0Gx:1Gx:2Gx:3Gx:4]Gx:4@(0,1,2,3,4)  1  0  0  0  37  0  0  0  45  0  0  0  473  0  0  0  53  0  0  0  519  0  0  0  621  0  0  0  6443  0  0  0
[Gx:0Gx:1Gx:2Gx:3Gx:4][Gx:0Gx:2Gx:4]([])[Gx:0Gx:1Gx:2Gx:3Gx:4][Gx:0Gx:2Gx:4]@(0,1,2,3,4)  552  0  0  0  28  0  0  0  6987  0  0  0  494  0  0  0  7  0  0  0  0  0  0  0  119  0  0  0  5  0  0  0
[Gx:0Gx:1Gx:2Gx:3Gx:4][Gx:0Gx:2Gx:4]([])^2[Gx:0Gx:1Gx:2Gx:3Gx:4][Gx:0Gx:2Gx:4]@(0,1,2,3,4)  531  0  0  0  38  0  0  0  7017  0  0  0  495  0  0  0  4  0  0  0  0  0  0  0  102  0  0  0  5  0  0  0
[Gx:0Gx:1Gx:2Gx:3Gx:4][Gx:0Gx:2Gx:4]([])^4[Gx:0Gx:1Gx:2Gx:3Gx:4][Gx:0Gx:2Gx:4]@(0,1,2,3,4)  584  0  0  0  28  0  0  0  7037  0  0  0  407  0  0  0  7  0  0  0  0  0  0  0  119  0  0  0  10  0  0  0
[Gx:0Gx:1Gx:2Gx:3Gx:4][Gx:0Gx:2Gx:4]([])^8[Gx:0Gx:1Gx:2Gx:3Gx:4][Gx:0Gx:2Gx:4]@(0,1,2,3,4)  583  0  0  0  30  0  0  0  7017  0  0  0  440  0  0  0  10  0  0  0  0  0  0  0  110  0  0  0  2  0  0  0
[Gx:0Gx:1Gx:2Gx:3Gx:4][Gx:0Gx:1Gx:4]([])[Gx:0Gx:1Gx:2Gx:3Gx:4][Gx:0Gx:1Gx:4]@(0,1,2,3,4)  608  0  0  0  7030  0  0  0  27  0  0  0  420  0  0  0  9  0  0  0  95  0  0  0  0  0  0  0  3  0  0  0
[Gx:0Gx:1Gx:2Gx:3Gx:4][Gx:0Gx:1Gx:4]([])^2[Gx:0Gx:1Gx:2Gx:3Gx:4][Gx:0Gx:1Gx:4]@(0,1,2,3,4)  653  0  0  0  6980  0  0  0  30  0  0  0  398  0  0  0  8  0  0  0  119  0  0  0  0  0  0  0  4  0  0  0
[Gx:0Gx:1Gx:2Gx:3Gx:4][Gx:0Gx:1Gx:4]([])^4[Gx:0Gx:1Gx:2Gx:3Gx:4][Gx:0Gx:1Gx:4]@(0,1,2,3,4)  659  0  0  0  6984  0  0  0  46  0  0  0  404  0  0  0  7  0  0  0  83  0  0  0  0  0  0  0  9  0  0  0
[Gx:0Gx:1Gx:2Gx:3Gx:4][Gx:0Gx:1Gx:4]([])^8[Gx:0Gx:1Gx:2Gx:3Gx:4][Gx:0Gx:1Gx:4]@(0,1,2,3,4)  672  0  0  0  7005  0  0  0  25  0  0  0  377  0  0  0  9  0  0  0  100  0  0  0  0  0  0  0  4  0  0  0
[Gx:0Gx:1Gx:2Gx:3Gx:4][Gx:0Gx:1Gx:2Gx:3]([])[Gx:0Gx:1Gx:2Gx:3Gx:4][Gx:0Gx:1Gx:2Gx:3]@(0,1,2,3,4)  7066  0  0  0  554  0  0  0  435  0  0  0  32  0  0  0  97  0  0  0  3  0  0  0  5  0  0  0  0  0  0  0
[Gx:0Gx:1Gx:2Gx:3Gx:4][Gx:0Gx:1Gx:2Gx:3]([])^2[Gx:0Gx:1Gx:2Gx:3Gx:4][Gx:0Gx:1Gx:2Gx:3]@(0,1,2,3,4)  7153  0  0  0  483  0  0  0  412  0  0  0  31  0  0  0  97  0  0  0  8  0  0  0  8  0  0  0  0  0  0  0
[Gx:0Gx:1Gx:2Gx:3Gx:4][Gx:0Gx:1Gx:2Gx:3]([])^4[Gx:0Gx:1Gx:2Gx:3Gx:4][Gx:0Gx:1Gx:2Gx:3]@(0,1,2,3,4)  7139  0  0  0  489  0  0  0  413  0  0  0  23  0  0  0  115  0  0  0  7  0  0  0  6  0  0  0  0  0  0  0
[Gx:0Gx:1Gx:2Gx:3Gx:4][Gx:0Gx:1Gx:2Gx:3]([])^8[Gx:0Gx:1Gx:2Gx:3Gx:4][Gx:0Gx:1Gx:2Gx:3]@(0,1,2,3,4)  7238  0  0  0  422  0  0  0  395  0  0  0  30  0  0  0  95  0  0  0  10  0  0  0  2  0  0  0  0  0  0  0
[Gy:1Gy:3][Gy:1Gy:3][Gy:1Gy:3]([])[Gy:1Gy:3][Gy:1Gy:3][Gy:1Gy:3]@(0,1,2,3,4)  570  0  0  0  42  0  0  0  7028  0  0  0  424  0  0  0  14  0  0  0  0  0  0  0  106  0  0  0  8  0  0  0
[Gy:1Gy:3][Gy:1Gy:3][Gy:1Gy:3]([])^2[Gy:1Gy:3][Gy:1Gy:3][Gy:1Gy:3]@(0,1,2,3,4)  538  0  0  0  36  0  0  0  7058  0  0  0  439  0  0  0  4  0  0  0  0  0  0  0  111  0  0  0  6  0  0  0
[Gy:1Gy:3][Gy:1Gy:3][Gy:1Gy:3]([])^4[Gy:1Gy:3][Gy:1Gy:3][Gy:1Gy:3]@(0,1,2,3,4)  557  0  0  0  45  0  0  0  6952  0  0  0  512  0  0  0  6  0  0  0  0  0  0  0  113  0  0  0  7  0  0  0
[Gy:1Gy:3][Gy:1Gy:3][Gy:1Gy:3]([])^8[Gy:1Gy:3][Gy:1Gy:3][Gy:1Gy:3]@(0,1,2,3,4)  566  0  0  0  23  0  0  0  7007  0  0  0  467  0  0  0  8  0  0  0  1  0  0  0  113  0  0  0  7  0  0  0
[Gy:2Gy:3][Gy:2Gy:3][Gy:2Gy:3]([])[Gy:2Gy:3][Gy:2Gy:3][Gy:2Gy:3]@(0,1,2,3,4)  613  0  0  0  6985  0  0  0  34  0  0  0  451  0  0  0  5  0  0  0  100  0  0  0  0  0  0  0  4  0  0  0
[Gy:2Gy:3][Gy:2Gy:3][Gy:2Gy:3]([])^2[Gy:2Gy:3][Gy:2Gy:3][Gy:2Gy:3]@(0,1,2,3,4)  646  0  0  0  7016  0  0  0  33  0  0  0  365  0  0  0  12  0  0  0  111  0  0  0  0  0  0  0  9  0  0  0
[Gy:2Gy:3][Gy:2Gy:3][Gy:2Gy:3]([])^4[Gy:2Gy:3][Gy:2Gy:3][Gy:2Gy:3]@(0,1,2,3,4)  641  0  0  0  7001  0  0  0  39  0  0  0  401  0  0  0  12  0  0  0  96  0  0  0  0  0  0  0  2  0  0  0
[Gy:2Gy:3][Gy:2Gy:3][Gy:2Gy:3]([])^8[Gy:2Gy:3][Gy:2Gy:3][Gy:2Gy:3]@(0,1,2,3,4)  644  0  0  0  6983  0  0  0  26  0  0  0  418  0  0  0  14  0  0  0  98  0  0  0  1  0  0  0  8  0  0  0
Gy:4Gy:4Gy:4([])Gy:4Gy:4Gy:4@(0,1,2,3,4)  7141  0  0  0  505  0  0  0  403  0  0  0  25  0  0  0  99  0  0  0  12  0  0  0  7  0  0  0  0  0  0  0
Gy:4Gy:4Gy:4([])^2Gy:4Gy:4Gy:4@(0,1,2,3,4)  7192  0  0  0  441  0  0  0  420  0  0  0  35  0  0  0  87  0  0  0  8  0  0  0  8  0  0  0  1  0  0  0
Gy:4Gy:4Gy:4([])^4Gy:4Gy:4Gy:4@(0,1,2,3,4)  7171  0  0  0  432  0  0  0  421  0  0  0  37  0  0  0  115  0  0  0  9  0  0  0  7  0  0  0  0  0  0  0
Gy:4Gy:4Gy:4([])^8Gy:4Gy:4Gy:4@(0,1,2,3,4)  7172  0  0  0  445  0  0  0  421  0  0  0  39  0  0  0  99  0  0  0  7  0  0  0  9  0  0  0  0  0  0  0
[Gy:0Gy:2Gy:4][Gy:0Gy:2Gy:4][Gy:0Gy:2Gy:4]([])[Gy:0Gy:2Gy:4][Gy:0Gy:2Gy:4][Gy:0Gy:2Gy:4]@(0,1,2,3,4)  47  0  0  0  460  0  0  0  3  0  0  0  36  0  0  0  556  0  0  0  6669  0  0  0  25  0  0  0  396  0  0  0
[Gy:0Gy:2Gy:4][Gy:0Gy:2Gy:4][Gy:0Gy:2Gy:4]([])^2[Gy:0Gy:2Gy:4][Gy:0Gy:2Gy:4][Gy:0Gy:2Gy:4]@(0,1,2,3,4)  45  0  0  0  445  0  0  0  1  0  0  0  33  0  0  0  604  0  0  0  6638  0  0  0  35  0  0  0  391  0  0  0
[Gy:0Gy:2Gy:4][Gy:0Gy:2Gy:4][Gy:0Gy:2Gy:4]([])^4[Gy:0Gy:2Gy:4][Gy:0Gy:2Gy:4][Gy:0Gy:2Gy:4]@(0,1,2,3,4)  38  0  0  0  472  0  0  0  0  0  0  0  33  0  0  0  604  0  0  0  6654  0  0  0  22  0  0  0  369  0  0  0
[Gy:0Gy:2Gy:4][Gy:0Gy:2Gy:4][Gy:0Gy:2Gy:4]([])^8[Gy:0Gy:2Gy:4][Gy:0Gy:2Gy:4][Gy:0Gy:2Gy:4]@(0,1,2,3,4)  40  0  0  0  468  0  0  0  6  0  0  0  28  0  0  0  619  0  0  0  6566  0  0  0  38  0  0  0  427  0  0  0
[Gy:0Gy:1Gy:4][Gy:0Gy:1Gy:4][Gy:0Gy:1Gy:4]([])[Gy:0Gy:1Gy:4][Gy:0Gy:1Gy:4][Gy:0Gy:1Gy:4]@(0,1,2,3,4)  24  0  0  0  5  0  0  0  451  0  0  0  31  0  0  0  605  0  0  0  35  0  0  0  6577  0  0  0  464  0  0  0
[Gy:0Gy:1Gy:4][Gy:0Gy:1Gy:4][Gy:0Gy:1Gy:4]([])^2[Gy:0Gy:1Gy:4][Gy:0Gy:1Gy:4][Gy:0Gy:1Gy:4]@(0,1,2,3,4)  32  0  0  0  2  0  0  0  509  0  0  0  29  0  0  0  558  0  0  0  37  0  0  0  6606  0  0  0  419  0  0  0
[Gy:0Gy:1Gy:4][Gy:0Gy:1Gy:4][Gy:0Gy:1Gy:4]([])^4[Gy:0Gy:1Gy:4][Gy:0Gy:1Gy:4][Gy:0Gy:1Gy:4]@(0,1,2,3,4)  35  0  0  0  2  0  0  0  449  0  0  0  29  0  0  0  518  0  0  0  34  0  0  0  6695  0  0  0  430  0  0  0
[Gy:0Gy:1Gy:4][Gy:0Gy:1Gy:4][Gy:0Gy:1Gy:4]([])^8[Gy:0Gy:1Gy:4][Gy:0Gy:1Gy:4][Gy:0Gy:1Gy:4]@(0,1,2,3,4)  43  0  0  0  4  0  0  0  467  0  0  0  27  0  0  0  529  0  0  0  35  0  0  0  6637  0  0  0  450  0  0  0
[Gy:0Gy:1Gy:2Gy:3][Gy:0Gy:1Gy:2Gy:3][Gy:0Gy:1Gy:2Gy:3]([])[Gy:0Gy:1Gy:2Gy:3][Gy:0Gy:1Gy:2Gy:3][Gy:0Gy:1Gy:2Gy:3]@(0,1,2,3,4)  3  0  0  0  31  0  0  0  35  0  0  0  461  0  0  0  47  0  0  0  551  0  0  0  522  0  0  0  6542  0  0  0
[Gy:0Gy:1Gy:2Gy:3][Gy:0Gy:1Gy:2Gy:3][Gy:0Gy:1Gy:2Gy:3]([])^2[Gy:0Gy:1Gy:2Gy:3][Gy:0Gy:1Gy:2Gy:3][Gy:0Gy:1Gy:2Gy:3]@(0,1,2,3,4)  4  0  0  0  37  0  0  0  35  0  0  0  467  0  0  0  47  0  0  0  538  0  0  0  581  0  0  0  6483  0  0  0
[Gy:0Gy:1Gy:2Gy:3][Gy:0Gy:1Gy:2Gy:3][Gy:0Gy:1Gy:2Gy:3]([])^4[Gy:0Gy:1Gy:2Gy:3][Gy:0Gy:1Gy:2Gy:3][Gy:0Gy:1Gy:2Gy:3]@(0,1,2,3,4)  3  0  0  0  46  0  0  0  41  0  0  0  442  0  0  0  46  0  0  0  535  0  0  0  554  0  0  0  6525  0  0  0
[Gy:0Gy:1Gy:2Gy:3][Gy:0Gy:1Gy:2Gy:3][Gy:0Gy:1Gy:2Gy:3]([])^8[Gy:0Gy:1Gy:2Gy:3][Gy:0Gy:1Gy:2Gy:3][Gy:0Gy:1Gy:2Gy:3]@(0,1,2,3,4)  3  0  0  0  38  0  0  0  49  0  0  0  465  0  0  0  47  0  0  0  538  0  0  0  551  0  0  0  6501  0  0  0
[Gx:1Gx:3][Gx:1Gx:3][Gx:1Gx:3]([])[Gx:1Gx:3][Gx:1Gx:3][Gx:1Gx:3]@(0,1,2,3,4)  3  0  0  0  38  0  0  0  49  0  0  0  465  0  0  0  47  0  0  0  538  0  0  0  551  0  0  0  6501  0  0  0
[Gx:1Gx:3][Gx:1Gx:3][Gx:1Gx:3]([])^2[Gx:1Gx:3][Gx:1Gx:3][Gx:1Gx:3]@(0,1,2,3,4)  3  0  0  0  38  0  0  0  49  0  0  0  465  0  0  0  47  0  0  0  538  0  0  0  551  0  0  0  6501  0  0  0
[Gx:1Gx:3][Gx:1Gx:3][Gx:1Gx:3]([])^4[Gx:1Gx:3][Gx:1Gx:3][Gx:1Gx:3]@(0,1,2,3,4)  3  0  0  0  38  0  0  0  49  0  0  0  465  0  0  0  47  0  0  0  538  0  0  0  551  0  0  0  6501  0  0  0
[Gx:1Gx:3][Gx:1Gx:3][Gx:1Gx:3]([])^8[Gx:1Gx:3][Gx:1Gx:3][Gx:1Gx:3]@(0,1,2,3,4)  3  0  0  0  38  0  0  0  49  0  0  0  465  0  0  0  47  0  0  0  538  0  0  0  551  0  0  0  6501  0  0  0
[Gx:2Gx:3][Gx:2Gx:3][Gx:2Gx:3]([])[Gx:2Gx:3][Gx:2Gx:3][Gx:2Gx:3]@(0,1,2,3,4)  3  0  0  0  38  0  0  0  49  0  0  0  465  0  0  0  47  0  0  0  538  0  0  0  551  0  0  0  6501  0  0  0
[Gx:2Gx:3][Gx:2Gx:3][Gx:2Gx:3]([])^2[Gx:2Gx:3][Gx:2Gx:3][Gx:2Gx:3]@(0,1,2,3,4)  3  0  0  0  38  0  0  0  49  0  0  0  465  0  0  0  47  0  0  0  538  0  0  0  551  0  0  0  6501  0  0  0
[Gx:2Gx:3][Gx:2Gx:3][Gx:2Gx:3]([])^4[Gx:2Gx:3][Gx:2Gx:3][Gx:2Gx:3]@(0,1,2,3,4)  3  0  0  0  38  0  0  0  49  0  0  0  465  0  0  0  47  0  0  0  538  0  0  0  551  0  0  0  6501  0  0  0
[Gx:2Gx:3][Gx:2Gx:3][Gx:2Gx:3]([])^8[Gx:2Gx:3][Gx:2Gx:3][Gx:2Gx:3]@(0,1,2,3,4)  3  0  0  0  38  0  0  0  49  0  0  0  465  0  0  0  47  0  0  0  538  0  0  0  551  0  0  0  6501  0  0  0
Gx:4Gx:4Gx:4([])Gx:4Gx:4Gx:4@(0,1,2,3,4)  3  0  0  0  38  0  0  0  49  0  0  0  465  0  0  0  47  0  0  0  538  0  0  0  551  0  0  0  6501  0  0  0
Gx:4Gx:4Gx:4([])^2Gx:4Gx:4Gx:4@(0,1,2,3,4)  3  0  0  0  38  0  0  0  49  0  0  0  465  0  0  0  47  0  0  0  538  0  0  0  551  0  0  0  6501  0  0  0
Gx:4Gx:4Gx:4([])^4Gx:4Gx:4Gx:4@(0,1,2,3,4)  3  0  0  0  38  0  0  0  49  0  0  0  465  0  0  0  47  0  0  0  538  0  0  0  551  0  0  0  6501  0  0  0
Gx:4Gx:4Gx:4([])^8Gx:4Gx:4Gx:4@(0,1,2,3,4)  3  0  0  0  38  0  0  0  49  0  0  0  465  0  0  0  47  0  0  0  538  0  0  0  551  0  0  0  6501  0  0  0
[Gx:0Gx:2Gx:4][Gx:0Gx:2Gx:4][Gx:0Gx:2Gx:4]([])[Gx:0Gx:2Gx:4][Gx:0Gx:2Gx:4][Gx:0Gx:2Gx:4]@(0,1,2,3,4)  3  0  0  0  38  0  0  0  49  0  0  0  465  0  0  0  47  0  0  0  538  0  0  0  551  0  0  0  6501  0  0  0
[Gx:0Gx:2Gx:4][Gx:0Gx:2Gx:4][Gx:0Gx:2Gx:4]([])^2[Gx:0Gx:2Gx:4][Gx:0Gx:2Gx:4][Gx:0Gx:2Gx:4]@(0,1,2,3,4)  3  0  0  0  38  0  0  0  49  0  0  0  465  0  0  0  47  0  0  0  538  0  0  0  551  0  0  0  6501  0  0  0
[Gx:0Gx:2Gx:4][Gx:0Gx:2Gx:4][Gx:0Gx:2Gx:4]([])^4[Gx:0Gx:2Gx:4][Gx:0Gx:2Gx:4][Gx:0Gx:2Gx:4]@(0,1,2,3,4)  3  0  0  0  38  0  0  0  49  0  0  0  465  0  0  0  47  0  0  0  538  0  0  0  551  0  0  0  6501  0  0  0
[Gx:0Gx:2Gx:4][Gx:0Gx:2Gx:4][Gx:0Gx:2Gx:4]([])^8[Gx:0Gx:2Gx:4][Gx:0Gx:2Gx:4][Gx:0Gx:2Gx:4]@(0,1,2,3,4)  3  0  0  0  38  0  0  0  49  0  0  0  465  0  0  0  47  0  0  0  538  0  0  0  551  0  0  0  6501  0  0  0
[Gx:0Gx:1Gx:4][Gx:0Gx:1Gx:4][Gx:0Gx:1Gx:4]([])[Gx:0Gx:1Gx:4][Gx:0Gx:1Gx:4][Gx:0Gx:1Gx:4]@(0,1,2,3,4)  3  0  0  0  38  0  0  0  49  0  0  0  465  0  0  0  47  0  0  0  538  0  0  0  551  0  0  0  6501  0  0  0
[Gx:0Gx:1Gx:4][Gx:0Gx:1Gx:4][Gx:0Gx:1Gx:4]([])^2[Gx:0Gx:1Gx:4][Gx:0Gx:1Gx:4][Gx:0Gx:1Gx:4]@(0,1,2,3,4)  3  0  0  0  38  0  0  0  49  0  0  0  465  0  0  0  47  0  0  0  538  0  0  0  551  0  0  0  6501  0  0  0
[Gx:0Gx:1Gx:4][Gx:0Gx:1Gx:4][Gx:0Gx:1Gx:4]([])^4[Gx:0Gx:1Gx:4][Gx:0Gx:1Gx:4][Gx:0Gx:1Gx:4]@(0,1,2,3,4)  3  0  0  0  38  0  0  0  49  0  0  0  465  0  0  0  47  0  0  0  538  0  0  0  551  0  0  0  6501  0  0  0
[Gx:0Gx:1Gx:4][Gx:0Gx:1Gx:4][Gx:0Gx:1Gx:4]([])^8[Gx:0Gx:1Gx:4][Gx:0Gx:1Gx:4][Gx:0Gx:1Gx:4]@(0,1,2,3,4)  3  0  0  0  38  0  0  0  49  0  0  0  465  0  0  0  47  0  0  0  538  0  0  0  551  0  0  0  6501  0  0  0
[Gx:0Gx:1Gx:2Gx:3][Gx:0Gx:1Gx:2Gx:3][Gx:0Gx:1Gx:2Gx:3]([])[Gx:0Gx:1Gx:2Gx:3][Gx:0Gx:1Gx:2Gx:3][Gx:0Gx:1Gx:2Gx:3]@(0,1,2,3,4)  3  0  0  0  38  0  0  0  49  0  0  0  465  0  0  0  47  0  0  0  538  0  0  0  551  0  0  0  6501  0  0  0
[Gx:0Gx:1Gx:2Gx:3][Gx:0Gx:1Gx:2Gx:3][Gx:0Gx:1Gx:2Gx:3]([])^2[Gx:0Gx:1Gx:2Gx:3][Gx:0Gx:1Gx:2Gx:3][Gx:0Gx:1Gx:2Gx:3]@(0,1,2,3,4)  3  0  0  0  38  0  0  0  49  0  0  0  465  0  0  0  47  0  0  0  538  0  0  0  551  0  0  0  6501  0  0  0
[Gx:0Gx:1Gx:2Gx:3][Gx:0Gx:1Gx:2Gx:3][Gx:0Gx:1Gx:2Gx:3]([])^4[Gx:0Gx:1Gx:2Gx:3][Gx:0Gx:1Gx:2Gx:3][Gx:0Gx:1Gx:2Gx:3]@(0,1,2,3,4)  3  0  0  0  38  0  0  0  49  0  0  0  465  0  0  0  47  0  0  0  538  0  0  0  551  0  0  0  6501  0  0  0
[Gx:0Gx:1Gx:2Gx:3][Gx:0Gx:1Gx:2Gx:3][Gx:0Gx:1Gx:2Gx:3]([])^8[Gx:0Gx:1Gx:2Gx:3][Gx:0Gx:1Gx:2Gx:3][Gx:0Gx:1Gx:2Gx:3]@(0,1,2,3,4)  3  0  0  0  38  0  0  0  49  0  0  0  465  0  0  0  47  0  0  0  538  0  0  0  551  0  0  0  6501  0  0  0
[Gx:1Gx:3][Gx:1Gx:3]([])[Gx:1Gx:3][Gx:1Gx:3]@(0,1,2,3,4)  3  0  0  0  38  0  0  0  49  0  0  0  465  0  0  0  47  0  0  0  538  0  0  0  551  0  0  0  6501  0  0  0
[Gx:1Gx:3][Gx:1Gx:3]([])^2[Gx:1Gx:3][Gx:1Gx:3]@(0,1,2,3,4)  3  0  0  0  38  0  0  0  49  0  0  0  465  0  0  0  47  0  0  0  538  0  0  0  551  0  0  0  6501  0  0  0
[Gx:1Gx:3][Gx:1Gx:3]([])^4[Gx:1Gx:3][Gx:1Gx:3]@(0,1,2,3,4)  3  0  0  0  38  0  0  0  49  0  0  0  465  0  0  0  47  0  0  0  538  0  0  0  551  0  0  0  6501  0  0  0
[Gx:1Gx:3][Gx:1Gx:3]([])^8[Gx:1Gx:3][Gx:1Gx:3]@(0,1,2,3,4)  3  0  0  0  38  0  0  0  49  0  0  0  465  0  0  0  47  0  0  0  538  0  0  0  551  0  0  0  6501  0  0  0
[Gx:2Gx:3][Gx:2Gx:3]([])[Gx:2Gx:3][Gx:2Gx:3]@(0,1,2,3,4)  3  0  0  0  38  0  0  0  49  0  0  0  465  0  0  0  47  0  0  0  538  0  0  0  551  0  0  0  6501  0  0  0
[Gx:2Gx:3][Gx:2Gx:3]([])^2[Gx:2Gx:3][Gx:2Gx:3]@(0,1,2,3,4)  3  0  0  0  38  0  0  0  49  0  0  0  465  0  0  0  47  0  0  0  538  0  0  0  551  0  0  0  6501  0  0  0
[Gx:2Gx:3][Gx:2Gx:3]([])^4[Gx:2Gx:3][Gx:2Gx:3]@(0,1,2,3,4)  3  0  0  0  38  0  0  0  49  0  0  0  465  0  0  0  47  0  0  0  538  0  0  0  551  0  0  0  6501  0  0  0
[Gx:2Gx:3][Gx:2Gx:3]([])^8[Gx:2Gx:3][Gx:2Gx:3]@(0,1,2,3,4)  3  0  0  0  38  0  0  0  49  0  0  0  465  0  0  0  47  0  0  0  538  0  0  0  551  0  0  0  6501  0  0  0
Gx:4Gx:4([])Gx:4Gx:4@(0,1,2,3,4)  3  0  0  0  38  0  0  0  49  0  0  0  465  0  0  0  47  0  0  0  538  0  0  0  551  0  0  0  6501  0  0  0
Gx:4Gx:4([])^2Gx:4Gx:4@(0,1,2,3,4)  3  0  0  0  38  0  0  0  49  0  0  0  465  0  0  0  47  0  0  0  538  0  0  0  551  0  0  0  6501  0  0  0
Gx:4Gx:4([])^4Gx:4Gx:4@(0,1,2,3,4)  3  0  0  0  38  0  0  0  49  0  0  0  465  0  0  0  47  0  0  0  538  0  0  0  551  0  0  0  6501  0  0  0
Gx:4Gx:4([])^8Gx:4Gx:4@(0,1,2,3,4)  3  0  0  0  38  0  0  0  49  0  0  0  465  0  0  0  47  0  0  0  538  0  0  0  551  0  0  0  6501  0  0  0
[Gx:0Gx:2Gx:4][Gx:0Gx:2Gx:4]([])[Gx:0Gx:2Gx:4][Gx:0Gx:2Gx:4]@(0,1,2,3,4)  3  0  0  0  38  0  0  0  49  0  0  0  465  0  0  0  47  0  0  0  538  0  0  0  551  0  0  0  6501  0  0  0
[Gx:0Gx:2Gx:4][Gx:0Gx:2Gx:4]([])^2[Gx:0Gx:2Gx:4][Gx:0Gx:2Gx:4]@(0,1,2,3,4)  3  0  0  0  38  0  0  0  49  0  0  0  465  0  0  0  47  0  0  0  538  0  0  0  551  0  0  0  6501  0  0  0
[Gx:0Gx:2Gx:4][Gx:0Gx:2Gx:4]([])^4[Gx:0Gx:2Gx:4][Gx:0Gx:2Gx:4]@(0,1,2,3,4)  3  0  0  0  38  0  0  0  49  0  0  0  465  0  0  0  47  0  0  0  538  0  0  0  551  0  0  0  6501  0  0  0
[Gx:0Gx:2Gx:4][Gx:0Gx:2Gx:4]([])^8[Gx:0Gx:2Gx:4][Gx:0Gx:2Gx:4]@(0,1,2,3,4)  3  0  0  0  38  0  0  0  49  0  0  0  465  0  0  0  47  0  0  0  538  0  0  0  551  0  0  0  6501  0  0  0
[Gx:0Gx:1Gx:4][Gx:0Gx:1Gx:4]([])[Gx:0Gx:1Gx:4][Gx:0Gx:1Gx:4]@(0,1,2,3,4)  3  0  0  0  38  0  0  0  49  0  0  0  465  0  0  0  47  0  0  0  538  0  0  0  551  0  0  0  6501  0  0  0
[Gx:0Gx:1Gx:4][Gx:0Gx:1Gx:4]([])^2[Gx:0Gx:1Gx:4][Gx:0Gx:1Gx:4]@(0,1,2,3,4)  3  0  0  0  38  0  0  0  49  0  0  0  465  0  0  0  47  0  0  0  538  0  0  0  551  0  0  0  6501  0  0  0
[Gx:0Gx:1Gx:4][Gx:0Gx:1Gx:4]([])^4[Gx:0Gx:1Gx:4][Gx:0Gx:1Gx:4]@(0,1,2,3,4)  3  0  0  0  38  0  0  0  49  0  0  0  465  0  0  0  47  0  0  0  538  0  0  0  551  0  0  0  6501  0  0  0
[Gx:0Gx:1Gx:4][Gx:0Gx:1Gx:4]([])^8[Gx:0Gx:1Gx:4][Gx:0Gx:1Gx:4]@(0,1,2,3,4)  3  0  0  0  38  0  0  0  49  0  0  0  465  0  0  0  47  0  0  0  538  0  0  0  551  0  0  0  6501  0  0  0
[Gx:0Gx:1Gx:2Gx:3][Gx:0Gx:1Gx:2Gx:3]([])[Gx:0Gx:1Gx:2Gx:3][Gx:0Gx:1Gx:2Gx:3]@(0,1,2,3,4)  3  0  0  0  38  0  0  0  49  0  0  0  465  0  0  0  47  0  0  0  538  0  0  0  551  0  0  0  6501  0  0  0
[Gx:0Gx:1Gx:2Gx:3][Gx:0Gx:1Gx:2Gx:3]([])^2[Gx:0Gx:1Gx:2Gx:3][Gx:0Gx:1Gx:2Gx:3]@(0,1,2,3,4)  3  0  0  0  38  0  0  0  49  0  0  0  465  0  0  0  47  0  0  0  538  0  0  0  551  0  0  0  6501  0  0  0
[Gx:0Gx:1Gx:2Gx:3][Gx:0Gx:1Gx:2Gx:3]([])^4[Gx:0Gx:1Gx:2Gx:3][Gx:0Gx:1Gx:2Gx:3]@(0,1,2,3,4)  3  0  0  0  38  0  0  0  49  0  0  0  465  0  0  0  47  0  0  0  538  0  0  0  551  0  0  0  6501  0  0  0
[Gx:0Gx:1Gx:2Gx:3][Gx:0Gx:1Gx:2Gx:3]([])^8[Gx:0Gx:1Gx:2Gx:3][Gx:0Gx:1Gx:2Gx:3]@(0,1,2,3,4)  3  0  0  0  38  0  0  0  49  0  0  0  465  0  0  0  47  0  0  0  538  0  0  0  551  0  0  0  6501  0  0  0
[Gx:0Gy:1Gx:2Gy:3Gx:4]([])[Gy:0Gy:2Gy:4]@(0,1,2,3,4)  3  0  0  0  38  0  0  0  49  0  0  0  465  0  0  0  47  0  0  0  538  0  0  0  551  0  0  0  6501  0  0  0
[Gx:0Gy:1Gx:2Gy:3Gx:4]([])^2[Gy:0Gy:2Gy:4]@(0,1,2,3,4)  3  0  0  0  38  0  0  0  49  0  0  0  465  0  0  0  47  0  0  0  538  0  0  0  551  0  0  0  6501  0  0  0
[Gx:0Gy:1Gx:2Gy:3Gx:4]([])^4[Gy:0Gy:2Gy:4]@(0,1,2,3,4)  3  0  0  0  38  0  0  0  49  0  0  0  465  0  0  0  47  0  0  0  538  0  0  0  551  0  0  0  6501  0  0  0
[Gx:0Gy:1Gx:2Gy:3Gx:4]([])^8[Gy:0Gy:2Gy:4]@(0,1,2,3,4)  3  0  0  0  38  0  0  0  49  0  0  0  465  0  0  0  47  0  0  0  538  0  0  0  551  0  0  0  6501  0  0  0
[Gx:0Gx:1Gy:2Gy:3Gx:4]([])[Gy:0Gy:1Gy:4]@(0,1,2,3,4)  3  0  0  0  38  0  0  0  49  0  0  0  465  0  0  0  47  0  0  0  538  0  0  0  551  0  0  0  6501  0  0  0
[Gx:0Gx:1Gy:2Gy:3Gx:4]([])^2[Gy:0Gy:1Gy:4]@(0,1,2,3,4)  3  0  0  0  38  0  0  0  49  0  0  0  465  0  0  0  47  0  0  0  538  0  0  0  551  0  0  0  6501  0  0  0
[Gx:0Gx:1Gy:2Gy:3Gx:4]([])^4[Gy:0Gy:1Gy:4]@(0,1,2,3,4)  3  0  0  0  38  0  0  0  49  0  0  0  465  0  0  0  47  0  0  0  538  0  0  0  551  0  0  0  6501  0  0  0
[Gx:0Gx:1Gy:2Gy:3Gx:4]([])^8[Gy:0Gy:1Gy:4]@(0,1,2,3,4)  3  0  0  0  38  0  0  0  49  0  0  0  465  0  0  0  47  0  0  0  538  0  0  0  551  0  0  0  6501  0  0  0
[Gx:0Gx:1Gx:2Gx:3Gy:4]([])[Gy:0Gy:1Gy:2Gy:3]@(0,1,2,3,4)  3  0  0  0  38  0  0  0  49  0  0  0  465  0  0  0  47  0  0  0  538  0  0  0  551  0  0  0  6501  0  0  0
[Gx:0Gx:1Gx:2Gx:3Gy:4]([])^2[Gy:0Gy:1Gy:2Gy:3]@(0,1,2,3,4)  3  0  0  0  38  0  0  0  49  0  0  0  465  0  0  0  47  0  0  0  538  0  0  0  551  0  0  0  6501  0  0  0
[Gx:0Gx:1Gx:2Gx:3Gy:4]([])^4[Gy:0Gy:1Gy:2Gy:3]@(0,1,2,3,4)  3  0  0  0  38  0  0  0  49  0  0  0  465  0  0  0  47  0  0  0  538  0  0  0  551  0  0  0  6501  0  0  0
[Gx:0Gx:1Gx:2Gx:3Gy:4]([])^8[Gy:0Gy:1Gy:2Gy:3]@(0,1,2,3,4)  3  0  0  0  38  0  0  0  49  0  0  0  465  0  0  0  47  0  0  0  538  0  0  0  551  0  0  0  6501  0  0  0
[Gy:0Gx:1Gy:2Gx:3Gy:4]([])[Gy:1Gy:3]@(0,1,2,3,4)  3  0  0  0  38  0  0  0  49  0  0  0  465  0  0  0  47  0  0  0  538  0  0  0  551  0  0  0  6501  0  0  0
[Gy:0Gx:1Gy:2Gx:3Gy:4]([])^2[Gy:1Gy:3]@(0,1,2,3,4)  3  0  0  0  38  0  0  0  49  0  0  0  465  0  0  0  47  0  0  0  538  0  0  0  551  0  0  0  6501  0  0  0
[Gy:0Gx:1Gy:2Gx:3Gy:4]([])^4[Gy:1Gy:3]@(0,1,2,3,4)  3  0  0  0  38  0  0  0  49  0  0  0  465  0  0  0  47  0  0  0  538  0  0  0  551  0  0  0  6501  0  0  0
[Gy:0Gx:1Gy:2Gx:3Gy:4]([])^8[Gy:1Gy:3]@(0,1,2,3,4)  3  0  0  0  38  0  0  0  49  0  0  0  465  0  0  0  47  0  0  0  538  0  0  0  551  0  0  0  6501  0  0  0
[Gy:0Gy:1Gx:2Gx:3Gy:4]([])[Gy:2Gy:3]@(0,1,2,3,4)  3  0  0  0  38  0  0  0  49  0  0  0  465  0  0  0  47  0  0  0  538  0  0  0  551  0  0  0  6501  0  0  0
[Gy:0Gy:1Gx:2Gx:3Gy:4]([])^2[Gy:2Gy:3]@(0,1,2,3,4)  3  0  0  0  38  0  0  0  49  0  0  0  465  0  0  0  47  0  0  0  538  0  0  0  551  0  0  0  6501  0  0  0
[Gy:0Gy:1Gx:2Gx:3Gy:4]([])^4[Gy:2Gy:3]@(0,1,2,3,4)  3  0  0  0  38  0  0  0  49  0  0  0  465  0  0  0  47  0  0  0  538  0  0  0  551  0  0  0  6501  0  0  0
[Gy:0Gy:1Gx:2Gx:3Gy:4]([])^8[Gy:2Gy:3]@(0,1,2,3,4)  3  0  0  0  38  0  0  0  49  0  0  0  465  0  0  0  47  0  0  0  538  0  0  0  551  0  0  0  6501  0  0  0
[Gy:0Gy:1Gy:2Gy:3Gx:4]([])Gy:4@(0,1,2,3,4)  3  0  0  0  38  0  0  0  49  0  0  0  465  0  0  0  47  0  0  0  538  0  0  0  551  0  0  0  6501  0  0  0
[Gy:0Gy:1Gy:2Gy:3Gx:4]([])^2Gy:4@(0,1,2,3,4)  3  0  0  0  38  0  0  0  49  0  0  0  465  0  0  0  47  0  0  0  538  0  0  0  551  0  0  0  6501  0  0  0
[Gy:0Gy:1Gy:2Gy:3Gx:4]([])^4Gy:4@(0,1,2,3,4)  3  0  0  0  38  0  0  0  49  0  0  0  465  0  0  0  47  0  0  0  538  0  0  0  551  0  0  0  6501  0  0  0
[Gy:0Gy:1Gy:2Gy:3Gx:4]([])^8Gy:4@(0,1,2,3,4)  3  0  0  0  38  0  0  0  49  0  0  0  465  0  0  0  47  0  0  0  538  0  0  0  551  0  0  0  6501  0  0  0
[Gx:0Gx:2Gx:4]([])[Gy:0Gx:1Gy:2Gx:3Gy:4]@(0,1,2,3,4)  3  0  0  0  38  0  0  0  49  0  0  0  465  0  0  0  47  0  0  0  538  0  0  0  551  0  0  0  6501  0  0  0
[Gx:0Gx:2Gx:4]([])^2[Gy:0Gx:1Gy:2Gx:3Gy:4]@(0,1,2,3,4)  3  0  0  0  38  0  0  0  49  0  0  0  465  0  0  0  47  0  0  0  538  0  0  0  551  0  0  0  6501  0  0  0
[Gx:0Gx:2Gx:4]([])^4[Gy:0Gx:1Gy:2Gx:3Gy:4]@(0,1,2,3,4)  3  0  0  0  38  0  0  0  49  0  0  0  465  0  0  0  47  0  0  0  538  0  0  0  551  0  0  0  6501  0  0  0
[Gx:0Gx:2Gx:4]([])^8[Gy:0Gx:1Gy:2Gx:3Gy:4]@(0,1,2,3,4)  3  0  0  0  38  0  0  0  49  0  0  0  465  0  0  0  47  0  0  0  538  0  0  0  551  0  0  0  6501  0  0  0
[Gx:0Gx:1Gx:4]([])[Gy:0Gy:1Gx:2Gx:3Gy:4]@(0,1,2,3,4)  3  0  0  0  38  0  0  0  49  0  0  0  465  0  0  0  47  0  0  0  538  0  0  0  551  0  0  0  6501  0  0  0
[Gx:0Gx:1Gx:4]([])^2[Gy:0Gy:1Gx:2Gx:3Gy:4]@(0,1,2,3,4)  3  0  0  0  38  0  0  0  49  0  0  0  465  0  0  0  47  0  0  0  538  0  0  0  551  0  0  0  6501  0  0  0
[Gx:0Gx:1Gx:4]([])^4[Gy:0Gy:1Gx:2Gx:3Gy:4]@(0,1,2,3,4)  3  0  0  0  38  0  0  0  49  0  0  0  465  0  0  0  47  0  0  0  538  0  0  0  551  0  0  0  6501  0  0  0
[Gx:0Gx:1Gx:4]([])^8[Gy:0Gy:1Gx:2Gx:3Gy:4]@(0,1,2,3,4)  3  0  0  0  38  0  0  0  49  0  0  0  465  0  0  0  47  0  0  0  538  0  0  0  551  0  0  0  6501  0  0  0
[Gx:0Gx:1Gx:2Gx:3]([])[Gy:0Gy:1Gy:2Gy:3Gx:4]@(0,1,2,3,4)  3  0  0  0  38  0  0  0  49  0  0  0  465  0  0  0  47  0  0  0  538  0  0  0  551  0  0  0  6501  0  0  0
[Gx:0Gx:1Gx:2Gx:3]([])^2[Gy:0Gy:1Gy:2Gy:3Gx:4]@(0,1,2,3,4)  3  0  0  0  38  0  0  0  49  0  0  0  465  0  0  0  47  0  0  0  538  0  0  0  551  0  0  0  6501  0  0  0
[Gx:0Gx:1Gx:2Gx:3]([])^4[Gy:0Gy:1Gy:2Gy:3Gx:4]@(0,1,2,3,4)  3  0  0  0  38  0  0  0  49  0  0  0  465  0  0  0  47  0  0  0  538  0  0  0  551  0  0  0  6501  0  0  0
[Gx:0Gx:1Gx:2Gx:3]([])^8[Gy:0Gy:1Gy:2Gy:3Gx:4]@(0,1,2,3,4)  3  0  0  0  38  0  0  0  49  0  0  0  465  0  0  0  47  0  0  0  538  0  0  0  551  0  0  0  6501  0  0  0
[Gx:1Gx:3]([])[Gx:0Gy:1Gx:2Gy:3Gx:4]@(0,1,2,3,4)  3  0  0  0  38  0  0  0  49  0  0  0  465  0  0  0  47  0  0  0  538  0  0  0  551  0  0  0  6501  0  0  0
[Gx:1Gx:3]([])^2[Gx:0Gy:1Gx:2Gy:3Gx:4]@(0,1,2,3,4)  3  0  0  0  38  0  0  0  49  0  0  0  465  0  0  0  47  0  0  0  538  0  0  0  551  0  0  0  6501  0  0  0
[Gx:1Gx:3]([])^4[Gx:0Gy:1Gx:2Gy:3Gx:4]@(0,1,2,3,4)  3  0  0  0  38  0  0  0  49  0  0  0  465  0  0  0  47  0  0  0  538  0  0  0  551  0  0  0  6501  0  0  0
[Gx:1Gx:3]([])^8[Gx:0Gy:1Gx:2Gy:3Gx:4]@(0,1,2,3,4)  3  0  0  0  38  0  0  0  49  0  0  0  465  0  0  0  47  0  0  0  538  0  0  0  551  0  0  0  6501  0  0  0
[Gx:2Gx:3]([])[Gx:0Gx:1Gy:2Gy:3Gx:4]@(0,1,2,3,4)  3  0  0  0  38  0  0  0  49  0  0  0  465  0  0  0  47  0  0  0  538  0  0  0  551  0  0  0  6501  0  0  0
[Gx:2Gx:3]([])^2[Gx:0Gx:1Gy:2Gy:3Gx:4]@(0,1,2,3,4)  3  0  0  0  38  0  0  0  49  0  0  0  465  0  0  0  47  0  0  0  538  0  0  0  551  0  0  0  6501  0  0  0
[Gx:2Gx:3]([])^4[Gx:0Gx:1Gy:2Gy:3Gx:4]@(0,1,2,3,4)  3  0  0  0  38  0  0  0  49  0  0  0  465  0  0  0  47  0  0  0  538  0  0  0  551  0  0  0  6501  0  0  0
[Gx:2Gx:3]([])^8[Gx:0Gx:1Gy:2Gy:3Gx:4]@(0,1,2,3,4)  3  0  0  0  38  0  0  0  49  0  0  0  465  0  0  0  47  0  0  0  538  0  0  0  551  0  0  0  6501  0  0  0
Gx:4([])[Gx:0Gx:1Gx:2Gx:3Gy:4]@(0,1,2,3,4)  3  0  0  0  38  0  0  0  49  0  0  0  465  0  0  0  47  0  0  0  538  0  0  0  551  0  0  0  6501  0  0  0
Gx:4([])^2[Gx:0Gx:1Gx:2Gx:3Gy:4]@(0,1,2,3,4)  3  0  0  0  38  0  0  0  49  0  0  0  465  0  0  0  47  0  0  0  538  0  0  0  551  0  0  0  6501  0  0  0
Gx:4([])^4[Gx:0Gx:1Gx:2Gx:3Gy:4]@(0,1,2,3,4)  3  0  0  0  38  0  0  0  49  0  0  0  465  0  0  0  47  0  0  0  538  0  0  0  551  0  0  0  6501  0  0  0
Gx:4([])^8[Gx:0Gx:1Gx:2Gx:3Gy:4]@(0,1,2,3,4)  3  0  0  0  38  0  0  0  49  0  0  0  465  0  0  0  47  0  0  0  538  0  0  0  551  0  0  0  6501  0  0  0
[Gy:0Gy:2Gy:4]([])[Gx:1Gx:3]@(0,1,2,3,4)  3  0  0  0  38  0  0  0  49  0  0  0  465  0  0  0  47  0  0  0  538  0  0  0  551  0  0  0  6501  0  0  0
[Gy:0Gy:2Gy:4]([])^2[Gx:1Gx:3]@(0,1,2,3,4)  3  0  0  0  38  0  0  0  49  0  0  0  465  0  0  0  47  0  0  0  538  0  0  0  551  0  0  0  6501  0  0  0
[Gy:0Gy:2Gy:4]([])^4[Gx:1Gx:3]@(0,1,2,3,4)  3  0  0  0  38  0  0  0  49  0  0  0  465  0  0  0  47  0  0  0  538  0  0  0  551  0  0  0  6501  0  0  0
[Gy:0Gy:2Gy:4]([])^8[Gx:1Gx:3]@(0,1,2,3,4)  3  0  0  0  38  0  0  0  49  0  0  0  465  0  0  0  47  0  0  0  538  0  0  0  551  0  0  0  6501  0  0  0
[Gy:0Gy:1Gy:4]([])[Gx:2Gx:3]@(0,1,2,3,4)  3  0  0  0  38  0  0  0  49  0  0  0  465  0  0  0  47  0  0  0  538  0  0  0  551  0  0  0  6501  0  0  0
[Gy:0Gy:1Gy:4]([])^2[Gx:2Gx:3]@(0,1,2,3,4)  3  0  0  0  38  0  0  0  49  0  0  0  465  0  0  0  47  0  0  0  538  0  0  0  551  0  0  0  6501  0  0  0
[Gy:0Gy:1Gy:4]([])^4[Gx:2Gx:3]@(0,1,2,3,4)  3  0  0  0  38  0  0  0  49  0  0  0  465  0  0  0  47  0  0  0  538  0  0  0  551  0  0  0  6501  0  0  0
[Gy:0Gy:1Gy:4]([])^8[Gx:2Gx:3]@(0,1,2,3,4)  3  0  0  0  38  0  0  0  49  0  0  0  465  0  0  0  47  0  0  0  538  0  0  0  551  0  0  0  6501  0  0  0
[Gy:0Gy:1Gy:2Gy:3]([])Gx:4@(0,1,2,3,4)  3  0  0  0  38  0  0  0  49  0  0  0  465  0  0  0  47  0  0  0  538  0  0  0  551  0  0  0  6501  0  0  0
[Gy:0Gy:1Gy:2Gy:3]([])^2Gx:4@(0,1,2,3,4)  3  0  0  0  38  0  0  0  49  0  0  0  465  0  0  0  47  0  0  0  538  0  0  0  551  0  0  0  6501  0  0  0
[Gy:0Gy:1Gy:2Gy:3]([])^4Gx:4@(0,1,2,3,4)  3  0  0  0  38  0  0  0  49  0  0  0  465  0  0  0  47  0  0  0  538  0  0  0  551  0  0  0  6501  0  0  0
[Gy:0Gy:1Gy:2Gy:3]([])^8Gx:4@(0,1,2,3,4)  3  0  0  0  38  0  0  0  49  0  0  0  465  0  0  0  47  0  0  0  538  0  0  0  551  0  0  0  6501  0  0  0
[Gy:1Gy:3]([])[Gx:0Gx:2Gx:4]@(0,1,2,3,4)  3  0  0  0  38  0  0  0  49  0  0  0  465  0  0  0  47  0  0  0  538  0  0  0  551  0  0  0  6501  0  0  0
[Gy:1Gy:3]([])^2[Gx:0Gx:2Gx:4]@(0,1,2,3,4)  3  0  0  0  38  0  0  0  49  0  0  0  465  0  0  0  47  0  0  0  538  0  0  0  551  0  0  0  6501  0  0  0
[Gy:1Gy:3]([])^4[Gx:0Gx:2Gx:4]@(0,1,2,3,4)  3  0  0  0  38  0  0  0  49  0  0  0  465  0  0  0  47  0  0  0  538  0  0  0  551  0  0  0  6501  0  0  0
[Gy:1Gy:3]([])^8[Gx:0Gx:2Gx:4]@(0,1,2,3,4)  3  0  0  0  38  0  0  0  49  0  0  0  465  0  0  0  47  0  0  0  538  0  0  0  551  0  0  0  6501  0  0  0
[Gy:2Gy:3]([])[Gx:0Gx:1Gx:4]@(0,1,2,3,4)  3  0  0  0  38  0  0  0  49  0  0  0  465  0  0  0  47  0  0  0  538  0  0  0  551  0  0  0  6501  0  0  0
[Gy:2Gy:3]([])^2[Gx:0Gx:1Gx:4]@(0,1,2,3,4)  3  0  0  0  38  0  0  0  49  0  0  0  465  0  0  0  47  0  0  0  538  0  0  0  551  0  0  0  6501  0  0  0
[Gy:2Gy:3]([])^4[Gx:0Gx:1Gx:4]@(0,1,2,3,4)  3  0  0  0  38  0  0  0  49  0  0  0  465  0  0  0  47  0  0  0  538  0  0  0  551  0  0  0  6501  0  0  0
[Gy:2Gy:3]([])^8[Gx:0Gx:1Gx:4]@(0,1,2,3,4)  3  0  0  0  38  0  0  0  49  0  0  0  465  0  0  0  47  0  0  0  538  0  0  0  551  0  0  0  6501  0  0  0
Gy:4([])[Gx:0Gx:1Gx:2Gx:3]@(0,1,2,3,4)  3  0  0  0  38  0  0  0  49  0  0  0  465  0  0  0  47  0  0  0  538  0  0  0  551  0  0  0  6501  0  0  0
Gy:4([])^2[Gx:0Gx:1Gx:2Gx:3]@(0,1,2,3,4)  3  0  0  0  38  0  0  0  49  0  0  0  465  0  0  0  47  0  0  0  538  0  0  0  551  0  0  0  6501  0  0  0
Gy:4([])^4[Gx:0Gx:1Gx:2Gx:3]@(0,1,2,3,4)  3  0  0  0  38  0  0  0  49  0  0  0  465  0  0  0  47  0  0  0  538  0  0  0  551  0  0  0  6501  0  0  0
Gy:4([])^8[Gx:0Gx:1Gx:2Gx:3]@(0,1,2,3,4)  3  0  0  0  38  0  0  0  49  0  0  0  465  0  0  0  47  0  0  0  538  0  0  0  551  0  0  0  6501  0  0  0
